% Time (s)                                        Temperature (K), Point: (0.5, 0.5)                Temperature (1), Top                              Temperature (1), Bottom
0                                                 0.8953488391117574                                0.7909069767443572                                0.9999343595881869
9.84375E-4                                        0.8953544304259458                                0.7909069816745463                                0.9927818170678447
0.00196875                                        0.8953601086461358                                0.790906991033618                                 0.9898647683690862
0.002953125                                       0.8953652526517306                                0.7909070025172025                                0.9875879858055365
0.0039375                                         0.8953687438191158                                0.7909070160737656                                0.9857803041847091
0.004921875                                       0.895371773507003                                 0.7909070302091132                                0.9841035975536143
0.00590625                                        0.8953748031948903                                0.7909070443444614                                0.9824268909225193
0.006890625                                       0.8953669881372412                                0.7909070592587651                                0.981176052309758
0.007875                                          0.8953582435837375                                0.7909070742398343                                0.9799617145587568
0.008859375                                       0.895349499030234                                 0.7909070892209026                                0.9787473768077551
0.00984375                                        0.8953407544767302                                0.7909071042019697                                0.9775330390567538
0.010828125000000001                              0.8953320099232265                                0.7909071191830366                                0.9763187013057515
0.0118125                                         0.8953153790854489                                0.7909071317274307                                0.975173150189213
0.012796875                                       0.8952671435910928                                0.7909071345067211                                0.9743032647580424
0.01378125                                        0.8952189080967365                                0.7909071372860111                                0.9734333793268731
0.014765625000000001                              0.8951706726023803                                0.7909071400653024                                0.9725634938957036
0.01575                                           0.8951224371080242                                0.7909071428445953                                0.9716936084645341
0.016734375                                       0.8950742016136681                                0.7909071456238876                                0.9708237230333645
0.01771875                                        0.8950259661193118                                0.7909071484031786                                0.9699538376021953
0.018703125                                       0.8949777306249558                                0.7909071511824705                                0.9690839521710254
0.0196875                                         0.8949294951305995                                0.7909071539617626                                0.9682140667398559
0.020671875                                       0.8948812596362434                                0.7909071567410537                                0.9673441813086865
0.021656250000000002                              0.8948330241418874                                0.7909071595203453                                0.9664742958775171
0.022640625                                       0.8947847886475311                                0.7909071622996363                                0.9656044104463485
0.023625                                          0.8946868216370099                                0.7909071133598948                                0.9649254403073818
0.024609375                                       0.8945728890527085                                0.7909070478165128                                0.9643077607225458
0.02559375                                        0.8944589564684069                                0.7909069822731319                                0.9636900811377104
0.026578125                                       0.8943450238841057                                0.7909069167297489                                0.9630724015528733
0.0275625                                         0.8942310912998042                                0.7909068511863695                                0.9624547219680378
0.028546875                                       0.894117158715503                                 0.7909067856429877                                0.961837042383202
0.029531250000000002                              0.8940032261312014                                0.790906720099606                                 0.9612193627983656
0.030515625                                       0.8938892935469                                   0.7909066545562244                                0.9606016832135299
0.0315                                            0.8937753609625987                                0.7909065890128426                                0.9599840036286938
0.032484375                                       0.8936614283782973                                0.7909065234694628                                0.9593663240438579
0.03346875                                        0.8935474957939957                                0.7909064579260797                                0.958748644459022
0.034453125                                       0.8934335632096944                                0.7909063923826979                                0.9581309648741854
0.0354375                                         0.8933196306253932                                0.790906326839316                                 0.9575132852893498
0.036421875                                       0.8932056980410916                                0.7909062612959383                                0.9568956057045139
0.03740625                                        0.8930917654567903                                0.7909061957525545                                0.9562779261196774
0.038390625                                       0.8929778328724889                                0.7909061302091719                                0.9556602465348416
0.039375                                          0.8928639002881875                                0.7909060646657905                                0.9550425669500057
0.040359375                                       0.8927499677038861                                0.790905999122412                                 0.9544248873651696
0.04134375                                        0.8926360351195848                                0.7909059335790285                                0.9538072077803333
0.042328125                                       0.8925221025352832                                0.790905868035648                                 0.9531895281954976
0.043312500000000004                              0.8924081699509818                                0.790905802492265                                 0.9525718486106618
0.044296875                                       0.8922942373666805                                0.7909057369488847                                0.9519541690258257
0.04528125                                        0.8921803047823791                                0.7909056714055035                                0.9513364894409888
0.046265625                                       0.8920203710290324                                0.790905481204552                                 0.9508776280333344
0.04725                                           0.8918536575085587                                0.7909052726312569                                0.9504421736450925
0.048234375                                       0.891686943988085                                 0.7909050640579611                                0.9500067192568494
0.04921875                                        0.8915202304676115                                0.7909048554846654                                0.9495712648686061
0.050203125                                       0.8913535169471378                                0.7909046469113719                                0.949135810480364
0.0511875                                         0.8911868034266641                                0.790904438338074                                 0.948700356092121
0.052171875                                       0.8910200899061904                                0.790904229764782                                 0.9482649017038779
0.05315625                                        0.8908533763857169                                0.790904021191485                                 0.9478294473156347
0.054140625                                       0.8906866628652432                                0.7909038126181901                                0.947393992927392
0.055125                                          0.8905199493447695                                0.7909036040448948                                0.9469585385391489
0.056109375                                       0.8903532358242958                                0.7909033954715989                                0.9465230841509069
0.05709375                                        0.8901865223038223                                0.7909031868983039                                0.9460876297626637
0.058078125                                       0.8900198087833486                                0.7909029783250081                                0.9456521753744209
0.059062500000000004                              0.8898530952628751                                0.7909027697517113                                0.9452167209861777
0.060046875                                       0.8896863817424014                                0.7909025611784174                                0.9447812665979356
0.06103125                                        0.8895196682219277                                0.7909023526051202                                0.9443458122096926
0.062015625                                       0.8893529547014543                                0.7909021440318288                                0.9439103578214494
0.063                                             0.8891862411809806                                0.7909019354585319                                0.9434749034332071
0.063984375                                       0.8890195276605068                                0.7909017268852375                                0.9430394490449638
0.06496875                                        0.8888528141400331                                0.7909015183119414                                0.9426039946567214
0.065953125                                       0.8886861006195597                                0.7909013097386467                                0.9421685402684783
0.0669375                                         0.888519387099086                                 0.790901101165348                                 0.941733085880236
0.067921875                                       0.8883526735786123                                0.7909008925920553                                0.941297631491993
0.06890625                                        0.8881859600581385                                0.7909006840187597                                0.9408621771037501
0.069890625                                       0.8880192465376648                                0.7909004754454679                                0.940426722715507
0.070875                                          0.8878525330171914                                0.7909002668721702                                0.9399912683272637
0.071859375                                       0.8876858194967177                                0.7909000582988754                                0.9395558139390214
0.07284375                                        0.8875191059762442                                0.7908998497255807                                0.9391203595507794
0.073828125                                       0.8873523924557705                                0.7908996411522824                                0.938684905162536
0.0748125                                         0.8871856789352968                                0.7908994325789902                                0.938249450774293
0.075796875                                       0.8870189654148233                                0.7908992240056939                                0.937813996386051
0.07678125                                        0.8868522518943496                                0.790899015432397                                 0.9373785419978076
0.077765625                                       0.8866855383738759                                0.7908988068591047                                0.9369430876095645
0.07875                                           0.8865188248534022                                0.7908985982858076                                0.9365076332213218
0.079734375                                       0.8863521113329287                                0.7908983897125133                                0.9360721788330794
0.08071875                                        0.886185397812455                                 0.790898181139218                                 0.9356367244448363
0.081703125                                       0.8860186842919813                                0.7908979725659238                                0.9352012700565931
0.0826875                                         0.8858519707715078                                0.7908977639926272                                0.9347658156683509
0.083671875                                       0.8856852572510339                                0.7908975554193312                                0.9343303612801084
0.08465625                                        0.8855185437305604                                0.7908973468460356                                0.9338949068918659
0.085640625                                       0.8853518302100867                                0.7908971382727428                                0.9334594525036221
0.08662500000000001                               0.8851851166896132                                0.7908969296994462                                0.9330239981153801
0.087609375                                       0.8850184031691397                                0.7908967211261522                                0.932588543727137
0.08859375                                        0.8848516896486658                                0.7908965125528564                                0.9321530893388941
0.089578125                                       0.8846849761281923                                0.7908963039795599                                0.9317176349506513
0.0905625                                         0.8845168828461689                                0.7908960873502581                                0.9312901959234421
0.091546875                                       0.884336465277964                                 0.7908957987631847                                0.9309343515882614
0.09253125                                        0.884156047709759                                 0.7908955101761133                                0.9305785072530792
0.093515625                                       0.883975630141554                                 0.7908952215890426                                0.9302226629178995
0.0945                                            0.8837952125733488                                0.7908949330019717                                0.929866818582718
0.095484375                                       0.8836147950051438                                0.7908946444149018                                0.9295109742475378
0.09646875                                        0.8834343774369389                                0.7908943558278301                                0.929155129912356
0.097453125                                       0.8832539598687339                                0.7908940672407597                                0.9287992855771756
0.0984375                                         0.8830735423005289                                0.7908937786536877                                0.9284434412419948
0.099421875                                       0.882893124732324                                 0.7908934900666185                                0.9280875969068135
0.10040625                                        0.882712707164119                                 0.7908932014795474                                0.9277317525716327
0.101390625                                       0.882532289595914                                 0.7908929128924757                                0.9273759082364521
0.102375                                          0.882351872027709                                 0.7908926243054054                                0.9270200639012718
0.103359375                                       0.8821714544595041                                0.790892335718333                                 0.9266642195660899
0.10434375                                        0.8819910368912991                                0.7908920471312646                                0.9263083752309094
0.105328125                                       0.8818106193230941                                0.7908917585441924                                0.925952530895728
0.1063125                                         0.8816302017548892                                0.7908914699571222                                0.9255966865605474
0.107296875                                       0.8814497841866842                                0.7908911813700537                                0.9252408422253664
0.10828125                                        0.8812693666184792                                0.790890892782981                                 0.9248849978901857
0.109265625                                       0.881088949050274                                 0.7908906041959112                                0.9245291535550052
0.11025                                           0.8809085314820693                                0.7908903156088394                                0.9241733092198235
0.111234375                                       0.8807281139138643                                0.79089002702177                                  0.9238174648846427
0.11221875                                        0.8805476963456591                                0.7908897384347015                                0.9234616205494623
0.113203125                                       0.8803672787774541                                0.7908894498476262                                0.9231057762142818
0.1141875                                         0.8801868612092494                                0.7908891612605586                                0.9227499318791001
0.115171875                                       0.8800064436410442                                0.7908888726734857                                0.9223940875439193
0.11615625                                        0.8798260260728392                                0.7908885840864146                                0.9220382432087392
0.117140625                                       0.8796456085046342                                0.7908882954993439                                0.9216823988735583
0.11812500000000001                               0.8794651909364293                                0.790888006912271                                 0.9213265545383776
0.119109375                                       0.8792847733682243                                0.7908877183252019                                0.920970710203196
0.12009375                                        0.8791043558000193                                0.7908874297381334                                0.9206148658680156
0.121078125                                       0.8789239382318144                                0.7908871411510602                                0.9202590215328343
0.1220625                                         0.8787435206636094                                0.7908868525639889                                0.9199031771976531
0.123046875                                       0.8785631030954044                                0.7908865639769199                                0.9195473328624719
0.12403125                                        0.8783826855271992                                0.7908862753898488                                0.9191914885272902
0.125015625                                       0.8782022679589945                                0.7908859868027762                                0.9188356441921107
0.126                                             0.8780218503907893                                0.7908856982157082                                0.9184797998569295
0.126984375                                       0.8778414345224403                                0.7908853985872195                                0.91813656058218
0.12796875                                        0.877661022882589                                 0.7908850714925194                                0.9178246771815256
0.128953125                                       0.8774806112427376                                0.7908847443978193                                0.9175127937808725
0.1299375                                         0.8773001996028862                                0.7908844173031196                                0.9172009103802198
0.130921875                                       0.877119787963035                                 0.7908840902084202                                0.9168890269795659
0.13190625                                        0.8769393763231836                                0.7908837631137191                                0.9165771435789126
0.132890625                                       0.8767589646833323                                0.7908834360190167                                0.91626526017826
0.133875                                          0.8765785530434809                                0.7908831089243206                                0.9159533767776062
0.134859375                                       0.8763981414036295                                0.7908827818296198                                0.9156414933769539
0.13584375                                        0.8762177297637781                                0.7908824547349171                                0.9153296099763002
0.136828125                                       0.8760373181239269                                0.7908821276402193                                0.9150177265756466
0.1378125                                         0.8758569064840755                                0.7908818005455172                                0.9147058431749938
0.13879687500000001                               0.8756764948442242                                0.7908814734508169                                0.9143939597743407
0.13978125                                        0.8754960832043728                                0.7908811463561207                                0.9140820763736869
0.140765625                                       0.8753156715645214                                0.7908808192614176                                0.9137701929730342
0.14175                                           0.8751352599246702                                0.7908804921667183                                0.9134583095723808
0.142734375                                       0.8749548482848188                                0.7908801650720193                                0.9131464261717276
0.14371875                                        0.8747744366449672                                0.7908798379773203                                0.9128345427710739
0.144703125                                       0.8745940250051161                                0.7908795108826165                                0.9125226593704205
0.1456875                                         0.8744136133652647                                0.790879183787917                                 0.9122107759697671
0.146671875                                       0.8742332017254133                                0.7908788566932179                                0.9118988925691136
0.14765625                                        0.8740527900855621                                0.7908785295985182                                0.9115870091684604
0.148640625                                       0.8738723784457108                                0.7908782025038181                                0.9112751257678077
0.149625                                          0.8736919668058594                                0.7908778754091184                                0.9109632423671541
0.150609375                                       0.873511555166008                                 0.790877548314417                                 0.9106513589665016
0.15159375                                        0.8733311435261566                                0.7908772212197186                                0.9103394755658479
0.152578125                                       0.8731507318863052                                0.7908768941250185                                0.9100275921651942
0.1535625                                         0.8729703202464538                                0.7908765670303165                                0.9097157087645419
0.154546875                                       0.8727899086066024                                0.7908762399356178                                0.9094038253638882
0.15553125                                        0.8726094969667513                                0.7908759128409182                                0.9090919419632354
0.156515625                                       0.8724290853268999                                0.7908755857462175                                0.9087800585625819
0.1575                                            0.872249141941654                                 0.7908752574056682                                0.9084708282158012
0.158484375                                       0.8720744043137234                                0.790874915214524                                 0.908191092837017
0.15946875                                        0.8718996666857926                                0.7908745730233837                                0.9079113574582339
0.160453125                                       0.8717249290578619                                0.7908742308322451                                0.9076316220794497
0.1614375                                         0.8715501914299313                                0.7908738886411025                                0.9073518867006664
0.162421875                                       0.8713754538020004                                0.7908735464499623                                0.9070721513218828
0.16340625                                        0.8712007161740698                                0.790873204258822                                 0.9067924159430995
0.164390625                                       0.8710259785461392                                0.790872862067678                                 0.9065126805643157
0.165375                                          0.8708512409182085                                0.7908725198765398                                0.9062329451855323
0.166359375                                       0.8706765032902779                                0.7908721776853983                                0.9059532098067483
0.16734375                                        0.8705017656623473                                0.7908718354942572                                0.9056734744279644
0.168328125                                       0.8703270280344166                                0.790871493303118                                 0.9053937390491819
0.1693125                                         0.8701522904064858                                0.7908711511119747                                0.9051140036703978
0.17029687500000001                               0.8699775527785554                                0.7908708089208338                                0.9048342682916133
0.17128125                                        0.8698028151506245                                0.790870466729692                                 0.9045545329128303
0.172265625                                       0.8696280775226937                                0.7908701245385529                                0.9042747975340463
0.17325000000000002                               0.869453339894763                                 0.7908697823474119                                0.9039950621552627
0.174234375                                       0.8692786022668324                                0.7908694401562685                                0.903715326776479
0.17521875                                        0.8691038646389018                                0.7908690979651284                                0.9034355913976962
0.176203125                                       0.8689291270109711                                0.7908687557739901                                0.9031558560189115
0.1771875                                         0.8687543893830403                                0.7908684135828457                                0.9028761206401275
0.178171875                                       0.8685796517551096                                0.7908680713917047                                0.9025963852613443
0.17915625                                        0.868404914127179                                 0.7908677292005658                                0.9023166498825607
0.180140625                                       0.8682301764992482                                0.7908673870094227                                0.9020369145037773
0.181125                                          0.8680554388713178                                0.7908670448182844                                0.9017571791249935
0.182109375                                       0.8678807012433869                                0.790866702627143                                 0.90147744374621
0.18309375                                        0.8677059636154563                                0.7908663604360036                                0.9011977083674264
0.184078125                                       0.8675312259875256                                0.7908660182448607                                0.9009179729886424
0.1850625                                         0.867356488359595                                 0.7908656760537183                                0.9006382376098596
0.186046875                                       0.8671817507316644                                0.7908653338625804                                0.9003585022310748
0.18703125                                        0.8670070131037335                                0.7908649916714365                                0.900078766852291
0.188015625                                       0.8668322754758029                                0.7908646494802989                                0.8997990314735085
0.189                                             0.8666648386778253                                0.7908643076453014                                0.8995416448882828
0.189984375                                       0.8664984133243507                                0.7908639658596478                                0.8992873544667173
0.19096875                                        0.866331987970876                                 0.7908636240739926                                0.8990330640451525
0.191953125                                       0.8661655626174016                                0.7908632822883387                                0.8987787736235862
0.1929375                                         0.8659991372639271                                0.790862940502687                                 0.8985244832020215
0.193921875                                       0.8658327119104525                                0.790862598717034                                 0.8982701927804558
0.19490625                                        0.865666286556978                                 0.7908622569313801                                0.8980159023588903
0.195890625                                       0.8654998612035034                                0.7908619151457243                                0.897761611937325
0.196875                                          0.8653334358500286                                0.7908615733600696                                0.8975073215157602
0.197859375                                       0.8651670104965543                                0.7908612315744182                                0.8972530310941952
0.19884375                                        0.8650005851430798                                0.7908608897887633                                0.8969987406726303
0.199828125                                       0.8648341597896052                                0.7908605480031096                                0.8967444502510633
0.2008125                                         0.8646677344361304                                0.7908602062174562                                0.8964901598294988
0.20179687500000001                               0.8645013090826561                                0.7908598644318019                                0.896235869407933
0.20278125                                        0.8643348837291813                                0.7908595226461488                                0.8959815789863681
0.203765625                                       0.864168458375707                                 0.7908591808604941                                0.8957272885648024
0.20475                                           0.8640020330222322                                0.7908588390748408                                0.8954729981432379
0.205734375                                       0.8638356076687579                                0.7908584972891852                                0.8952187077216726
0.20671875                                        0.8636691823152831                                0.7908581555035323                                0.8949644173001071
0.207703125                                       0.8635027569618088                                0.7908578137178786                                0.8947101268785419
0.2086875                                         0.863336331608334                                 0.7908574719322232                                0.8944558364569769
0.209671875                                       0.8631699062548597                                0.7908571301465696                                0.894201546035411
0.21065625                                        0.8630034809013849                                0.7908567883609147                                0.8939472556138455
0.211640625                                       0.8628370555479103                                0.7908564465752623                                0.8936929651922805
0.212625                                          0.8626706301944358                                0.7908561047896071                                0.8934386747707151
0.213609375                                       0.8625042048409615                                0.7908557630039531                                0.8931843843491498
0.21459375                                        0.8623377794874867                                0.7908554212182974                                0.8929300939275845
0.215578125                                       0.8621713541340121                                0.790855079432646                                 0.8926758035060193
0.2165625                                         0.8620049287805378                                0.7908547376469912                                0.8924215130844537
0.217546875                                       0.861838503427063                                 0.7908543958613365                                0.8921672226628885
0.21853125                                        0.8616720780735885                                0.7908540540756833                                0.8919129322413237
0.219515625                                       0.86150780984333                                  0.7908537140625866                                0.8916638379132281
0.2205                                            0.8613447524844757                                0.7908533750444946                                0.8914176603406317
0.221484375                                       0.8611818958857151                                0.7908530361913674                                0.8911719663603502
0.22246875                                        0.8610192400470476                                0.7908526975032124                                0.8909267559723837
0.223453125                                       0.8608567849684734                                0.7908523589800263                                0.8906820291767329
0.2244375                                         0.8606945306499929                                0.7908520206218085                                0.8904377859733973
0.225421875                                       0.8605324770916054                                0.7908516824285601                                0.8901940263623768
0.22640625                                        0.8603706242933118                                0.7908513444002798                                0.8899507503436719
0.227390625                                       0.8602089722551112                                0.7908510065369726                                0.8897079579172812
0.228375                                          0.860047520977004                                 0.7908506688386328                                0.8894656490832074
0.229359375                                       0.8598862704589902                                0.7908503313052587                                0.8892238238414484
0.23034375                                        0.8597252207010699                                0.7908499939368577                                0.8889824821920049
0.231328125                                       0.8595643717032431                                0.790849656733422                                 0.8887416241348759
0.2323125                                         0.8594037234655094                                0.7908493196949598                                0.8885012496700627
0.23329687500000001                               0.8592432759878692                                0.7908489828214699                                0.8882613587975662
0.23428125                                        0.8590830292703222                                0.7908486461129415                                0.8880219515173827
0.235265625                                       0.8589229833128689                                0.7908483095693846                                0.887783027829516
0.23625000000000002                               0.8587631381155088                                0.7908479731908005                                0.8875445877339639
0.237234375                                       0.8586034936782418                                0.7908476369771826                                0.8873066312307278
0.23821875                                        0.8584440500010686                                0.790847300928535                                 0.8870691583198062
0.239203125                                       0.8582848070839888                                0.7908469650448561                                0.8868321690011999
0.2401875                                         0.8581257649270022                                0.7908466293261466                                0.8865956632749099
0.241171875                                       0.8579669235301091                                0.7908462937724072                                0.8863596411409344
0.24215625                                        0.8578082828933091                                0.790845958383636                                 0.8861241025992743
0.243140625                                       0.8576498430166029                                0.7908456231598315                                0.8858890476499306
0.244125                                          0.8574916038999896                                0.7908452881010021                                0.8856544762929001
0.245109375                                       0.85733356554347                                  0.7908449532071371                                0.8854203885281873
0.24609375                                        0.8571757279470438                                0.7908446184782433                                0.8851867843557886
0.247078125                                       0.8570180911107108                                0.7908442839143173                                0.8849536637757047
0.2480625                                         0.8568606550344713                                0.7908439495153607                                0.8847210267879367
0.249046875                                       0.8567034197183252                                0.7908436152813761                                0.8844888733924839
0.25003125                                        0.8565469505434768                                0.790843282676154                                 0.8842577994647731
0.251015625                                       0.8563913757654018                                0.7908429520317598                                0.8840279401778272
0.252                                             0.8562360777199778                                0.7908426217490268                                0.8837986445533867
0.252984375                                       0.856081056407205                                 0.7908422918279605                                0.8835699125914511
0.25396875                                        0.8559263118270835                                0.7908419622685601                                0.8833417442920202
0.254953125                                       0.8557718439796131                                0.7908416330708262                                0.8831141396550941
0.2559375                                         0.8556176528647943                                0.790841304234757                                 0.8828870986806745
0.256921875                                       0.8554637384826265                                0.7908409757603514                                0.8826606213687581
0.25790625                                        0.8553101008331101                                0.7908406476476135                                0.882434707719348
0.258890625                                       0.855156739916245                                 0.7908403198965378                                0.8822093577324434
0.259875                                          0.8550036557320311                                0.7908399925071321                                0.8819845714080423
0.260859375                                       0.8548508482804684                                0.790839665479388                                 0.8817603487461477
0.26184375                                        0.854698317561557                                 0.7908393388133104                                0.881536689746758
0.262828125                                       0.8545460635752968                                0.7908390125089013                                0.881313594409874
0.2638125                                         0.8543940863216881                                0.7908386865661545                                0.8810910627354944
0.264796875                                       0.8542423858007304                                0.7908383609850703                                0.8808690947236201
0.26578125                                        0.8540909620124242                                0.7908380357656566                                0.8806476903742512
0.266765625                                       0.853939814956769                                 0.7908377109079072                                0.880426849687387
0.26775                                           0.8537889446337652                                0.7908373864118223                                0.8802065726630276
0.268734375                                       0.8536383510434127                                0.7908370622774044                                0.8799868593011739
0.26971875                                        0.8534880341857112                                0.7908367385046497                                0.8797677096018253
0.270703125                                       0.8533379940606611                                0.7908364150935614                                0.8795491235649819
0.2716875                                         0.8531882306682625                                0.7908360920441393                                0.8793311011906437
0.272671875                                       0.853038744008515                                 0.790835769356383                                 0.8791136424788109
0.27365625                                        0.8528895340814189                                0.7908354470302896                                0.8788967474294828
0.274640625                                       0.8527406008869738                                0.7908351250658638                                0.8786804160426599
0.275625                                          0.8525919444251799                                0.7908348034631023                                0.8784646483183424
0.276609375                                       0.8524435646960375                                0.7908344822220076                                0.8782494442565292
0.27759375000000003                               0.8522954616995464                                0.790834161342579                                 0.878034803857222
0.278578125                                       0.8521476354357063                                0.7908338408248122                                0.8778207271204193
0.2795625                                         0.8520000859045176                                0.790833520668713                                 0.8776072140461219
0.28054687500000003                               0.8518529399227972                                0.7908332016104744                                0.8773941205526623
0.28153125                                        0.8517064403501653                                0.7908328850599361                                0.8771811707174947
0.282515625                                       0.8515602478437179                                0.7908325690471554                                0.876968750081688
0.2835                                            0.8514143624034549                                0.7908322535721294                                0.876756858645245
0.284484375                                       0.8512687840293767                                0.7908319386348627                                0.8765454964081644
0.28546875                                        0.8511235127214827                                0.7908316242353515                                0.8763346633704466
0.286453125                                       0.8509785484797734                                0.7908313103735991                                0.8761243595320902
0.2874375                                         0.8508338913042488                                0.7908309970495994                                0.8759145848930977
0.288421875                                       0.8506895411949085                                0.7908306842633616                                0.8757053394534662
0.28940625                                        0.8505454981517528                                0.7908303720148769                                0.8754966232131982
0.290390625                                       0.8504017621747817                                0.7908300603041534                                0.8752884361722918
0.291375                                          0.8502583332639952                                0.7908297491311832                                0.8750807783307482
0.292359375                                       0.8501152114193931                                0.7908294384959694                                0.8748736496885668
0.29334375                                        0.8499723966409756                                0.7908291283985156                                0.8746670502457492
0.294328125                                       0.8498298889287423                                0.7908288188388171                                0.8744609800022926
0.2953125                                         0.8496876882826943                                0.7908285098168755                                0.8742554389581991
0.296296875                                       0.8495457947028302                                0.7908282013326883                                0.874050427113468
0.29728125                                        0.8494042081891509                                0.7908278933862617                                0.8738459444681
0.298265625                                       0.849262928741656                                 0.7908275859775927                                0.8736419910220944
0.29925                                           0.8491219563603456                                0.7908272791066772                                0.8734385667754504
0.300234375                                       0.8489812910452199                                0.790826972773521                                 0.8732356717281688
0.30121875                                        0.8488409327962787                                0.7908266669781184                                0.8730333058802506
0.302203125                                       0.8487008816135218                                0.7908263617204775                                0.8728314692316943
0.3031875                                         0.8485611374969497                                0.7908260570005902                                0.8726301617825003
0.304171875                                       0.8484217004465622                                0.7908257528184588                                0.8724293835326694
0.30515625                                        0.8482825704623591                                0.7908254491740879                                0.8722291344821994
0.306140625                                       0.8481437475443405                                0.7908251460674699                                0.8720294146310943
0.307125                                          0.8480052316925066                                0.7908248434986109                                0.8718302239793505
0.308109375                                       0.847867022906857                                 0.79082454146751                                  0.8716315625269688
0.30909375                                        0.8477291211873921                                0.7908242399741645                                0.87143343027395
0.310078125                                       0.8475915265341116                                0.790823939018576                                 0.8712358272202937
0.3110625                                         0.8474542389470159                                0.790823638600744                                 0.8710387533660007
0.312046875                                       0.8473172584261044                                0.7908233387206703                                0.8708422087110693
0.31303125                                        0.8471805849713778                                0.7908230393783536                                0.8706461932554999
0.314015625                                       0.8470442185828353                                0.7908227405737919                                0.8704507069992935
0.315                                             0.8469081592604777                                0.790822442306988                                 0.8702557499424496
0.315984375                                       0.8467724070043046                                0.7908221445779412                                0.8700613220849683
0.31696875                                        0.8466369618143159                                0.7908218473866512                                0.8698674234268485
0.317953125                                       0.8465018236905117                                0.7908215507331184                                0.8696740539680922
0.3189375                                         0.8463669926328923                                0.7908212546173427                                0.8694812137086976
0.319921875                                       0.8462324686414571                                0.7908209590393219                                0.8692889026486667
0.32090625                                        0.8460982517162066                                0.7908206639990586                                0.8690971207879985
0.321890625                                       0.8459643418571408                                0.7908203694965539                                0.868905868126691
0.322875                                          0.8458307390642592                                0.7908200755318057                                0.8687151446647466
0.323859375                                       0.8456974433375624                                0.7908197821048144                                0.868524950402165
0.32484375                                        0.84556445467705                                  0.7908194892155798                                0.8683352853389462
0.325828125                                       0.8454317730827221                                0.790819196864102                                 0.8681461494750894
0.3268125                                         0.8452993985545789                                0.7908189050503824                                0.8679575428105948
0.327796875                                       0.8451673310926202                                0.7908186137744164                                0.8677694653454631
0.32878125                                        0.845035570696846                                 0.7908183230362092                                0.8675819170796942
0.329765625                                       0.8449040537580457                                0.7908180331413328                                0.8673945090694415
0.33075                                           0.8447726620623017                                0.7908177446576797                                0.8672065184858071
0.331734375                                       0.8446415679071966                                0.7908174567575428                                0.8670189988567851
0.33271875                                        0.8445107712927298                                0.7908171694409245                                0.8668319501823787
0.333703125                                       0.8443802722189018                                0.7908168827078226                                0.8666453724625864
0.3346875                                         0.8442500706857123                                0.7908165965582369                                0.8664592656974084
0.335671875                                       0.8441201666931617                                0.7908163109921715                                0.8662736298868462
0.33665625                                        0.8439905602412499                                0.7908160260096183                                0.8660884650308974
0.337640625                                       0.8438612513299766                                0.7908157416105863                                0.8659037711295623
0.338625                                          0.8437322399593419                                0.7908154577950688                                0.8657195481828435
0.339609375                                       0.843603526129346                                 0.7908151745630682                                0.8655357961907381
0.34059375000000003                               0.8434751098399886                                0.7908148919145833                                0.8653525151532474
0.341578125                                       0.8433469910912701                                0.7908146098496174                                0.8651697050703712
0.3425625                                         0.8432191698831901                                0.7908143283681701                                0.8649873659421093
0.34354687500000003                               0.8430916462157487                                0.7908140474702378                                0.8648054977684626
0.34453125                                        0.8429644200889461                                0.7908137671558224                                0.8646241005494288
0.345515625                                       0.8428374915027821                                0.7908134874249253                                0.8644431742850113
0.34650000000000003                               0.8427108604572568                                0.7908132082775435                                0.8642627189752071
0.347484375                                       0.8425845269523702                                0.7908129297136789                                0.8640827346200178
0.34846875                                        0.8424584909881225                                0.7908126517333318                                0.8639032212194433
0.349453125                                       0.842332752564513                                 0.7908123743364992                                0.8637241787734834
0.3504375                                         0.8422073116815425                                0.7908120975231879                                0.863545607282137
0.351421875                                       0.8420821683392106                                0.7908118212933904                                0.8633675067454051
0.35240625                                        0.8419573225375174                                0.7908115456471125                                0.8631898771632895
0.353390625                                       0.8418327742764626                                0.7908112705843502                                0.8630127185357869
0.354375                                          0.8417085235560466                                0.7908109961051032                                0.8628360308628985
0.355359375                                       0.8415845703762694                                0.7908107222093758                                0.8626598141446253
0.35634375                                        0.8414609147371308                                0.7908104488971628                                0.8624840683809666
0.357328125                                       0.841337556638631                                 0.7908101761684694                                0.8623087935719218
0.3583125                                         0.8412144960807697                                0.790809904023292                                 0.8621339897174919
0.359296875                                       0.841091733063547                                 0.7908096324616314                                0.861959656817677
0.36028125                                        0.8409692675869631                                0.7908093614834897                                0.8617857948724755
0.361265625                                       0.8408470996510178                                0.7908090910888586                                0.861612403881887
0.36225                                           0.8407252292557112                                0.790808821277752                                 0.8614394838459162
0.363234375                                       0.8406036564010435                                0.7908085520501572                                0.861267034764559
0.36421875                                        0.8404823810870141                                0.7908082834060838                                0.8610950566378159
0.365203125                                       0.8403614033136235                                0.7908080153455251                                0.8609235494656872
0.3661875                                         0.8402407230808717                                0.7908077478684828                                0.8607525132481727
0.367171875                                       0.8401203403887583                                0.7908074809749597                                0.8605819479852741
0.36815625                                        0.8400002552372838                                0.7908072146649492                                0.8604118536769886
0.369140625                                       0.839880467626448                                 0.7908069489384597                                0.8602422303233181
0.370125                                          0.8397609775562507                                0.7908066837954864                                0.8600730779242624
0.371109375                                       0.839641785026692                                 0.7908064192360292                                0.8599043964798206
0.37209375                                        0.839522890037772                                 0.7908061552600891                                0.8597361859899937
0.373078125                                       0.8394042925894909                                0.7908058918676654                                0.8595684464547805
0.3740625                                         0.8392859926818483                                0.7908056290587603                                0.8594011778741824
0.375046875                                       0.8391679903148443                                0.7908053668333731                                0.8592343802481991
0.37603125                                        0.8390502854884794                                0.7908051051914997                                0.8590680535768292
0.377015625                                       0.8389328782027528                                0.790804844133146                                 0.8589021978600758
0.378                                             0.8388157684576647                                0.7908045836583065                                0.8587368130979349
0.378984375                                       0.8386988230549597                                0.7908043238030326                                0.8585714934666171
0.37996875                                        0.8385817944536356                                0.7908040646343081                                0.8584054847668486
0.380953125                                       0.8384650434463718                                0.7908038060544971                                0.8582398862491563
0.3819375                                         0.8383485700331685                                0.7908035480636001                                0.858074697913541
0.382921875                                       0.8382323742140256                                0.7908032906616199                                0.857909919760002
0.38390625                                        0.8381164559889434                                0.7908030338485542                                0.8577455517885411
0.384890625                                       0.8380008153579213                                0.7908027776244042                                0.8575815939991555
0.385875                                          0.8378854523209596                                0.7908025219891684                                0.8574180463918473
0.386859375                                       0.8377703668780583                                0.790802266942847                                 0.8572549089666164
0.38784375                                        0.8376555590292174                                0.7908020124854386                                0.8570921817234622
0.388828125                                       0.8375410287744369                                0.7908017586169469                                0.8569298646623844
0.3898125                                         0.8374267761137169                                0.790801505337369                                 0.8567679577833837
0.390796875                                       0.8373128010470572                                0.7908012526467074                                0.8566064610864599
0.39178125                                        0.8371991035744577                                0.7908010005449616                                0.8564453745716127
0.392765625                                       0.8370856836959188                                0.7908007490321268                                0.856284698238842
0.39375                                           0.8369725414114404                                0.7908004981082092                                0.856124432088148
0.394734375                                       0.8368596767210221                                0.7908002477732083                                0.8559645761195314
0.39571875                                        0.8367470896246645                                0.790799998027119                                 0.8558051303329913
0.396703125                                       0.836634780122367                                 0.7907997488699464                                0.8556460947285277
0.3976875                                         0.8365227482141302                                0.790799500301688                                 0.8554874693061407
0.398671875                                       0.8364109938999535                                0.7907992523223459                                0.8553292540658322
0.39965625                                        0.8362995171798375                                0.790799004931914                                 0.855171449007599
0.40064062500000003                               0.8361883180537817                                0.7907987581303993                                0.855014054131442
0.401625                                          0.8360773965217863                                0.7907985119178016                                0.8548570694373628
0.402609375                                       0.8359667525838512                                0.7907982662941165                                0.8547004949253613
0.40359375000000003                               0.8358563862399768                                0.7907980212593478                                0.854544330595435
0.404578125                                       0.8357462974901626                                0.7907977768134927                                0.854388576447586
0.4055625                                         0.8356364863344088                                0.7907975329565521                                0.8542332324818136
0.40654687500000003                               0.8355269527727152                                0.7907972896885271                                0.8540782986981186
0.40753125                                        0.8354176968050824                                0.7907970470094156                                0.8539237750965001
0.408515625                                       0.8353087184315098                                0.7907968049192217                                0.8537696616769577
0.4095                                            0.8352000176519976                                0.7907965634179408                                0.8536159584394931
0.410484375                                       0.8350915944665456                                0.7907963225055749                                0.8534626653841046
0.41146875                                        0.8349834488751542                                0.7907960821821254                                0.8533097825107936
0.412453125                                       0.8348755808778232                                0.7907958424475866                                0.8531573098195591
0.4134375                                         0.8347679904745524                                0.790795603301966                                 0.8530052473104012
0.414421875                                       0.8346606776653422                                0.7907953647452591                                0.8528535949833199
0.41540625                                        0.8345536424501923                                0.7907951267774674                                0.8527023528383155
0.416390625                                       0.8344468848291029                                0.7907948893985904                                0.8525515208753893
0.417375                                          0.8343404048020737                                0.7907946526086257                                0.8524010990945378
0.418359375                                       0.8342342023691052                                0.7907944164075792                                0.8522510874957643
0.41934375                                        0.8341282775301968                                0.7907941807954464                                0.8521014860790663
0.420328125                                       0.8340226302853488                                0.7907939457722297                                0.8519522948444463
0.4213125                                         0.8339172606345615                                0.7907937113379263                                0.8518035137919027
0.422296875                                       0.8338121685778344                                0.790793477492539                                 0.8516551429214365
0.42328125                                        0.8337073541151676                                0.7907932442360649                                0.8515071822330462
0.424265625                                       0.8336028172465615                                0.7907930115685056                                0.8513596317267339
0.42525                                           0.8334985579720153                                0.7907927794898609                                0.8512124914024979
0.426234375                                       0.8333945762915298                                0.7907925480001341                                0.8510657612603373
0.42721875                                        0.8332908722051047                                0.7907923170993196                                0.8509194413002551
0.428203125                                       0.833187271024457                                 0.7907920865430632                                0.8507731926075515
0.4291875                                         0.8330834481018488                                0.7907918558772422                                0.850626385329508
0.430171875                                       0.8329798766135474                                0.7907916257637423                                0.8504799374807116
0.43115625                                        0.8328765565595535                                0.7907913962025619                                0.8503338490611602
0.432140625                                       0.8327734879398667                                0.7907911671937066                                0.8501881200708552
0.433125                                          0.8326706707544869                                0.7907909387371748                                0.8500427505097957
0.434109375                                       0.8325681050034146                                0.790790710832962                                 0.8498977403779824
0.43509375                                        0.832465790686649                                 0.7907904834810724                                0.849753089675416
0.436078125                                       0.8323637278041909                                0.7907902566815069                                0.8496087984020951
0.4370625                                         0.8322619163560399                                0.7907900304342611                                0.8494648665580197
0.438046875                                       0.8321603563421958                                0.7907898047393386                                0.8493212941431912
0.43903125                                        0.8320590477626588                                0.7907895795967378                                0.849178081157608
0.440015625                                       0.8319579906174293                                0.7907893550064578                                0.8490352276012715
0.441                                             0.8318571849065068                                0.7907891309684983                                0.8488927334741813
0.441984375                                       0.8317566306298914                                0.7907889074828649                                0.8487505987763359
0.44296875                                        0.8316563277875832                                0.7907886845495546                                0.8486088235077364
0.443953125                                       0.8315562763795821                                0.7907884621685615                                0.8484674076683842
0.4449375                                         0.8314564764058883                                0.7907882403398937                                0.8483263512582777
0.445921875                                       0.8313569278665014                                0.7907880190635469                                0.8481856542774165
0.44690625                                        0.8312576307614217                                0.790787798339523                                 0.8480453167258025
0.447890625                                       0.8311585850906491                                0.7907875781678205                                0.8479053386034332
0.448875                                          0.8310597908541839                                0.7907873585484397                                0.8477657199103106
0.449859375                                       0.8309612480520256                                0.7907871394813822                                0.8476264606464343
0.45084375                                        0.8308629566841748                                0.7907869209666455                                0.8474875608118038
0.451828125                                       0.8307649167506308                                0.7907867030042298                                0.8473490204064195
0.4528125                                         0.830667128251394                                 0.7907864855941414                                0.8472108394302811
0.453796875                                       0.8305695911864643                                0.7907862687363694                                0.847073017883388
0.45478125                                        0.8304723055558418                                0.7907860524309219                                0.8469355557657415
0.455765625                                       0.8303752713595265                                0.7907858366777966                                0.8467984530773419
0.45675                                           0.8302784885975183                                0.7907856214769929                                0.8466617098181869
0.457734375                                       0.8301819572698173                                0.7907854068285111                                0.8465253259882791
0.45871875                                        0.8300856773764234                                0.7907851927323527                                0.8463893015876157
0.459703125                                       0.8299896489173366                                0.7907849791885169                                0.8462536366161997
0.4606875                                         0.829893871892557                                 0.7907847661969997                                0.8461183310740306
0.461671875                                       0.8297983463020846                                0.7907845537578052                                0.8459833849611049
0.46265625                                        0.8297030721459193                                0.790784341870935                                 0.8458487982774273
0.46364062500000003                               0.8296080494240612                                0.7907841305363849                                0.845714571022995
0.464625                                          0.8295132781365102                                0.7907839197541593                                0.8455807031978092
0.465609375                                       0.8294187582832664                                0.7907837095242528                                0.845447194801869
0.46659375000000003                               0.8293244898643297                                0.7907834998466722                                0.8453140458351747
0.467578125                                       0.8292304728797                                   0.7907832907214107                                0.8451812562977264
0.4685625                                         0.8291367073293776                                0.7907830821484715                                0.8450488261895241
0.46954687500000003                               0.8290431932133624                                0.7907828741278561                                0.8449167555105692
0.47053125                                        0.8289499305316541                                0.7907826666595581                                0.844785044260859
0.471515625                                       0.8288569192842532                                0.7907824597435884                                0.8446536924403943
0.47250000000000003                               0.8287641594711594                                0.7907822533799389                                0.8445227000491765
0.473484375                                       0.8286716510923728                                0.7907820475686081                                0.844392067087205
0.47446875                                        0.8285793941478932                                0.7907818423096037                                0.8442617935544793
0.475453125                                       0.8284873886377206                                0.7907816376029191                                0.8441318794509993
0.4764375                                         0.8283956345618555                                0.790781433448557                                 0.8440023247767647
0.477421875                                       0.8283039512887318                                0.7907812294898373                                0.8438728462085806
0.47840625                                        0.8282120031253764                                0.790781025063896                                 0.8437429172072095
0.479390625                                       0.8281202793465618                                0.790780821136864                                 0.8436133052071405
0.480375                                          0.8280287799522887                                0.7907806177087393                                0.8434840102083703
0.481359375                                       0.8279375049425564                                0.7907804147795261                                0.8433550322109012
0.48234375                                        0.8278464543173654                                0.7907802123492206                                0.8432263712147332
0.483328125                                       0.8277556280767153                                0.7907800104178235                                0.8430980272198659
0.4843125                                         0.8276650262206067                                0.7907798089853375                                0.8429700002262995
0.485296875                                       0.8275746487490387                                0.7907796080517596                                0.8428422902340339
0.48628125                                        0.8274844956620122                                0.7907794076170895                                0.8427148972430678
0.487265625                                       0.8273945669595268                                0.7907792076813318                                0.842587821253404
0.48825                                           0.8273048626415824                                0.7907790082444779                                0.8424610622650399
0.489234375                                       0.8272153827081792                                0.790778809306537                                 0.842334620277977
0.49021875                                        0.8271261271593169                                0.7907786108675052                                0.8422084952922146
0.491203125                                       0.827037095994996                                 0.7907784129273819                                0.8420826873077533
0.4921875                                         0.826948289215216                                 0.7907782154861669                                0.8419571963245926
