% Time (s)                                        Temperature (K), Point: (0.5, 0.5)                Temperature (1), Top                              Temperature (1), Bottom
0                                                 0.8090909173581453                                0.6185636363657584                                0.9998802260205383
9.84375E-4                                        0.8100250768333903                                0.6185637210745135                                0.9863809877033628
0.00196875                                        0.8318829075869059                                0.6185640846443075                                0.9785190470368543
0.002953125                                       0.941317191540318                                 0.6185653809164906                                0.9237347568874251
0.0039375                                         0.8722538496021643                                0.6185687011630164                                0.8536062708787248
0.004921875                                       0.8599855369425704                                0.6185760493010226                                0.8412990935721255
0.00590625                                        0.8697848267688064                                0.6185948591679534                                0.8346756820888748
0.006890625                                       0.8709893030549738                                0.6186356958217526                                0.8304786637351402
0.007875                                          0.8649204098553449                                0.6186991060678821                                0.8294796272522789
0.008859375                                       0.856984791968173                                 0.6187759317661616                                0.8295320560076582
0.00984375                                        0.8515886425750745                                0.6188564111668665                                0.8278004095601587
0.010828125000000001                              0.846209847386681                                 0.6189337007933404                                0.824759443046758
0.0118125                                         0.8410101230680238                                0.6190036924075796                                0.8217664934816342
0.012796875                                       0.8368907521280018                                0.6190645713168846                                0.8192345377900929
0.01378125                                        0.8338984321748648                                0.6191163186208151                                0.8171499756244708
0.014765625000000001                              0.8317127536654956                                0.619159643212362                                 0.8154415781743632
0.01575                                           0.8300506668676921                                0.6191953264474541                                0.8140451780588821
0.016734375                                       0.8287513983114443                                0.6192239750826318                                0.81290481794051
0.01771875                                        0.8277313946226044                                0.6192460360609823                                0.8119695521670933
0.018703125                                       0.8269071910221035                                0.619261823885911                                 0.8112039834533062
0.0196875                                         0.8260272351457383                                0.6192717432778974                                0.8105723295855539
0.020671875                                       0.8246242723953461                                0.619276214780193                                 0.810049451505383
0.021656250000000002                              0.8221311233059994                                0.6192757583007957                                0.8096131538274138
0.022640625                                       0.8184873128022037                                0.6192709851289593                                0.8092442659814959
0.023625                                          0.8145237898695141                                0.6192624646030684                                0.8089284380065039
0.024609375                                       0.8114196215348215                                0.6192508007853165                                0.8086524862742399
0.02559375                                        0.8097535420895561                                0.6192365978493493                                0.8084055906868843
0.026578125                                       0.8092391663801222                                0.6192204157224401                                0.8081806513905054
0.0275625                                         0.8092376621378801                                0.619202901945364                                 0.8079732504104344
0.028546875                                       0.8092050211663455                                0.6191848162230043                                0.8077824316233734
0.029531250000000002                              0.8089168577406092                                0.6191670233557591                                0.8076100596595034
0.030515625                                       0.8083832410523759                                0.6191503922087928                                0.8074584960372936
0.0315                                            0.8077252101629648                                0.6191356051525311                                0.8073274634668326
0.032484375                                       0.8070791970028184                                0.6191229772299423                                0.8072115747914338
0.03346875                                        0.8065506594305969                                0.6191123550937977                                0.8070990334805537
0.034453125                                       0.8061821454552103                                0.6191032250811874                                0.8069716551763474
0.0354375                                         0.8059354864707726                                0.6190949194253448                                0.8068030086034347
0.036421875                                       0.8057214381804028                                0.6190868573719411                                0.8065577814806906
0.03740625                                        0.8054500528084167                                0.6190786874148715                                0.8061975252799525
0.038390625                                       0.8050663517699483                                0.6190702849015909                                0.8056957095923963
0.039375                                          0.8045558326016093                                0.6190616916754743                                0.8050532156648686
0.040359375                                       0.8039295480723887                                0.6190530212715099                                0.8042982152299529
0.04134375                                        0.803211536867044                                 0.6190443972895856                                0.8034744097442185
0.042328125                                       0.8024329125549976                                0.6190359244179007                                0.8026287930195244
0.043312500000000004                              0.8016184724558073                                0.6190276559748047                                0.8017912746654701
0.044296875                                       0.8007876333328965                                0.6190196072196668                                0.8009771263708461
0.04528125                                        0.7999595570780342                                0.6190117776248288                                0.8001966132495709
0.046265625                                       0.799146685069061                                 0.6190041576657969                                0.7994534007012334
0.04725                                           0.7983621208342881                                0.6189967283392143                                0.7987482431942275
0.048234375                                       0.7976140485398127                                0.6189894608535318                                0.7980748599826799
0.04921875                                        0.7969029089279542                                0.6189823326063711                                0.7974223051826835
0.050203125                                       0.7962267717574765                                0.6189753284289472                                0.796779951744308
0.0511875                                         0.795580612876535                                 0.6189684329201769                                0.796132881727955
0.052171875                                       0.7949547832952912                                0.6189616381859581                                0.7954630608128974
0.05315625                                        0.7943398209983252                                0.6189549456765476                                0.7947574777855435
0.054140625                                       0.7937285618210947                                0.6189483587370178                                0.7940081093803923
0.055125                                          0.7931127312417245                                0.6189418841743433                                0.7932080057431605
0.056109375                                       0.7924857145363688                                0.6189355328641775                                0.7923572654562143
0.05709375                                        0.7918447959594905                                0.6189293142162783                                0.7914628778859735
0.058078125                                       0.7911886771730732                                0.6189232349356566                                0.7905321465153554
0.059062500000000004                              0.7905172823833748                                0.6189173017748876                                0.7895773206605164
0.060046875                                       0.789834515353554                                 0.6189115162173275                                0.7886214359710808
0.06103125                                        0.7891396485285984                                0.6189058775477086                                0.7876593415618534
0.062015625                                       0.7884363291437353                                0.6189003773917079                                0.7867019305520022
0.063                                             0.7877274351319814                                0.6188950091413835                                0.7857577984022959
0.063984375                                       0.7870107446434693                                0.6188897778982614                                0.7848203091614249
0.06496875                                        0.7862945333459517                                0.6188846507472823                                0.7839071108183927
0.065953125                                       0.7855769053214392                                0.6188796352291398                                0.7830141602988758
0.0669375                                         0.7848581058585569                                0.6188747272086277                                0.7821406083856887
0.067921875                                       0.7841443974476556                                0.6188698851472588                                0.7812925868895085
0.06890625                                        0.7834325873058319                                0.6188651302224524                                0.7804669696513796
0.069890625                                       0.7827249368264722                                0.6188604391398552                                0.7796631056588088
0.070875                                          0.7820232578159358                                0.6188557932362521                                0.7788804733269281
0.071859375                                       0.7813261596147023                                0.6188512068366716                                0.7781194730003768
0.07284375                                        0.7806356743299805                                0.6188466471274982                                0.77737561186196
0.073828125                                       0.7799513458322895                                0.6188421214741172                                0.7766498983753887
0.0748125                                         0.7792730365582625                                0.618837629194343                                 0.775941350332982
0.075796875                                       0.7786012768466204                                0.6188331461829764                                0.7752419098030687
0.07678125                                        0.7779357967720653                                0.618828684708785                                 0.7745556780128907
0.077765625                                       0.7772765963345969                                0.6188242447717671                                0.7738826549624467
0.07875                                           0.7766236755342155                                0.6188198263719256                                0.7732228406517363
0.079734375                                       0.7759770343709209                                0.6188154295092594                                0.7725762350807606
0.08071875                                        0.7753353957461595                                0.6188110518923338                                0.7719351101638561
0.081703125                                       0.7746993783378042                                0.6188066946312126                                0.7713032096963488
0.0826875                                         0.774069159721055                                 0.6188023580445118                                0.7706816082361551
0.083671875                                       0.7734447398959117                                0.6187980421322248                                0.7700703057832732
0.08465625                                        0.7728261188623746                                0.6187937468943584                                0.769469302337706
0.085640625                                       0.7722123070413118                                0.6187894750644938                                0.7688739061538902
0.08662500000000001                               0.771602898704971                                 0.6187852277633933                                0.7682821936146884
0.087609375                                       0.7709986428995537                                0.6187810029219252                                0.7676977160623584
0.08859375                                        0.77039953962506                                  0.6187768005400799                                0.7671204734969007
0.089578125                                       0.7698055888814901                                0.6187726206178649                                0.766550465918315
0.0905625                                         0.7692164799354657                                0.6187684648935525                                0.7659866880396043
0.091546875                                       0.7686308243167932                                0.6187643411343997                                0.7654246478713891
0.09253125                                        0.7680497222006115                                0.6187602431859055                                0.7648679047086835
0.093515625                                       0.7674731735869202                                0.6187561710480646                                0.7643164585514876
0.0945                                            0.7669011784757196                                0.6187521247208907                                0.7637703093998024
0.095484375                                       0.7663337368670096                                0.6187481042043672                                0.7632294572536268
0.09646875                                        0.765769594751198                                 0.6187441149041197                                0.7626909589743143
0.097453125                                       0.7652093495785519                                0.6187401542447355                                0.7621562167672238
0.0984375                                         0.7646531826864                                   0.618736221444533                                 0.7616256562279053
0.099421875                                       0.7641010940747424                                0.6187323165035113                                0.7610992773563569
0.10040625                                        0.7635530837435787                                0.6187284394216711                                0.7605770801525796
0.101390625                                       0.7630086004709402                                0.6187245903664673                                0.7600581534154476
0.102375                                          0.7624674064194812                                0.6187207694101554                                0.7595421039863646
0.103359375                                       0.7619299269767423                                0.6187169764235028                                0.7590296350550182
0.10434375                                        0.7613961621427234                                0.6187132114065135                                0.7585207466214096
0.105328125                                       0.7608661119174247                                0.6187094743591846                                0.758015438685538
0.1063125                                         0.7603395630132412                                0.6187057640364978                                0.757513522767846
0.107296875                                       0.7598155264705344                                0.6187020746656102                                0.7570141249372153
0.10828125                                        0.7592947820465816                                0.6186984107981923                                0.7565179342552831
0.109265625                                       0.7587773297413829                                0.6186947724342378                                0.7560249507220523
0.11025                                           0.7582631695549387                                0.6186911595737545                                0.7555351743375215
0.111234375                                       0.7577523014872485                                0.6186875722167365                                0.7550486051016904
0.11221875                                        0.7572447255383121                                0.618684010363185                                 0.7545652430145603
0.113203125                                       0.7567404417081303                                0.6186804740131026                                0.7540850880761303
0.1141875                                         0.7562394499967022                                0.6186769631664858                                0.7536081402863997
0.115171875                                       0.7557417504040282                                0.6186734778233337                                0.7531343996453708
0.11615625                                        0.755247342930109                                 0.6186700179836528                                0.7526638661530402
0.117140625                                       0.7547555468167975                                0.618666577971872                                 0.7521963831415323
0.11812500000000001                               0.7542662172143983                                0.6186631565803563                                0.7517319172755195
0.119109375                                       0.753779942433876                                 0.6186597587139324                                0.7512706039473318
0.12009375                                        0.7532967224752303                                0.618656384372601                                 0.7508124431569683
0.121078125                                       0.7528165573384618                                0.6186530335563628                                0.7503574349044299
0.1220625                                         0.7523394470235698                                0.6186497062652179                                0.7499055791897161
0.123046875                                       0.7518653915305546                                0.6186464024991664                                0.7494568760128256
0.12403125                                        0.7513943908594165                                0.6186431222582045                                0.7490113253737614
0.125015625                                       0.7509264450101552                                0.6186398655423392                                0.7485689272725212
0.126                                             0.7504615539827706                                0.6186366323515642                                0.7481296817091063
0.126984375                                       0.7499997177772628                                0.6186334226858803                                0.7476935886835152
0.12796875                                        0.749539352384458                                 0.6186302265085349                                0.7472602857671619
0.128953125                                       0.7490814463871069                                0.6186270500834833                                0.7468299991523275
0.1299375                                         0.7486262688564489                                0.6186238951156384                                0.7464027904037497
0.130921875                                       0.7481738197924837                                0.6186207616050029                                0.7459786595214295
0.13190625                                        0.7477240991952112                                0.6186176495515766                                0.7455576065053657
0.132890625                                       0.7472771070646318                                0.6186145589553605                                0.745139631355559
0.133875                                          0.7468328434007452                                0.6186114898163513                                0.7447247340720097
0.134859375                                       0.7463913082035512                                0.6186084421345487                                0.7443129146547163
0.13584375                                        0.7459525014730506                                0.6186054159099563                                0.7439041731036804
0.136828125                                       0.7455164232092424                                0.6186024111425741                                0.7434985094189014
0.1378125                                         0.7450827495579899                                0.6185994266467094                                0.7430958366676964
0.13879687500000001                               0.7446500565506862                                0.6185964572089674                                0.7426957726118979
0.13978125                                        0.7442197472015948                                0.6185935079660287                                0.7422986938648662
0.140765625                                       0.7437918215107155                                0.6185905789178925                                0.7419046004265997
0.14175                                           0.7433662794780487                                0.6185876700645604                                0.7415134922970998
0.142734375                                       0.7429431211035937                                0.6185847814060333                                0.7411253694763652
0.14371875                                        0.7425223463873512                                0.6185819129423075                                0.7407402319643972
0.144703125                                       0.7421039553293207                                0.6185790646733859                                0.7403580797611944
0.1456875                                         0.7416879479295027                                0.618576236599269                                 0.7399789128667578
0.146671875                                       0.7412743241878965                                0.618573428719953                                 0.7396027312810874
0.14765625                                        0.7408630841045027                                0.6185706410354452                                0.7392295350041833
0.148640625                                       0.7404531356380575                                0.6185678716540487                                0.7388589242809857
0.149625                                          0.7400442012993949                                0.6185651200950876                                0.7384907975331931
0.150609375                                       0.739637262253209                                 0.6185623880581813                                0.7381255139281404
0.15159375                                        0.7392323184995                                   0.6185596755433345                                0.7377630734658274
0.152578125                                       0.7388293700382675                                0.6185569825505441                                0.7374034761462526
0.1535625                                         0.7384284168695121                                0.6185543090798108                                0.7370467219694177
0.154546875                                       0.7380294589932335                                0.6185516551311335                                0.7366928109353225
0.15553125                                        0.7376324964094314                                0.6185490207045133                                0.736341743043966
0.156515625                                       0.7372375291181064                                0.6185464057999498                                0.7359935182953492
0.1575                                            0.7368445571192581                                0.6185438104174446                                0.7356481366894714
0.158484375                                       0.7364535804128867                                0.6185412345569935                                0.7353055982263336
0.15946875                                        0.7360625385258777                                0.6185386762602155                                0.7349649971319678
0.160453125                                       0.7356726860273817                                0.6185361367195176                                0.7346268849088768
0.1614375                                         0.735284398974555                                 0.6185336162923291                                0.7342914268699573
0.162421875                                       0.7348976773673981                                0.6185311149786483                                0.7339586230152101
0.16340625                                        0.7345125212059105                                0.6185286327784714                                0.7336284733446343
0.164390625                                       0.7341289304900922                                0.6185261696918045                                0.7333009778582302
0.165375                                          0.7337469052199435                                0.6185237257186427                                0.7329761365559992
0.166359375                                       0.733366445395464                                 0.6185213008589886                                0.7326539494379396
0.16734375                                        0.7329875510166541                                0.6185188951128436                                0.7323344165040525
0.168328125                                       0.7326102220835138                                0.6185165084802005                                0.7320175377543372
0.1693125                                         0.7322340657117317                                0.6185141406166227                                0.7317031196600627
0.17029687500000001                               0.7318572066102433                                0.6185117898780277                                0.7313902384818746
0.17128125                                        0.7314814693302738                                0.6185094578640081                                0.7310797929654677
0.172265625                                       0.7311068538718233                                0.6185071445745693                                0.7307717831108417
0.17325000000000002                               0.7307333602348915                                0.6185048500097076                                0.7304662089179974
0.174234375                                       0.730360988419479                                 0.6185025741694249                                0.7301630703869357
0.17521875                                        0.7299897384255853                                0.6185003170537201                                0.7298623675176544
0.176203125                                       0.7296196102532106                                0.618498078662596                                 0.7295641003101548
0.1771875                                         0.7292506039023547                                0.6184958589960466                                0.7292682687644356
0.178171875                                       0.7288827193730181                                0.618493658054077                                 0.7289748728804988
0.17915625                                        0.7285159566652002                                0.6184914758366887                                0.7286839126583436
0.180140625                                       0.728149149901427                                 0.6184893109483741                                0.7283947497422923
0.181125                                          0.7277819527531195                                0.6184871629746064                                0.7281071945062308
0.182109375                                       0.7274154542508895                                0.6184850332188946                                0.727821843229692
0.18309375                                        0.7270496543947367                                0.6184829216812388                                0.7275386959126733
0.184078125                                       0.7266845531846615                                0.6184808283616422                                0.7272577525551774
0.1850625                                         0.7263201506206638                                0.6184787532601033                                0.726979013157202
0.186046875                                       0.7259564467027437                                0.6184766963766231                                0.72670247771875
0.18703125                                        0.7255934414309009                                0.6184746577111981                                0.7264281462398179
0.188015625                                       0.7252311348051355                                0.6184726372638343                                0.7261560187204069
0.189                                             0.7248695268254477                                0.618470635034527                                 0.7258860951605186
0.189984375                                       0.7245086174918374                                0.6184686510232764                                0.7256183755601512
0.19096875                                        0.7241467398760675                                0.6184666820206083                                0.725351750336065
0.191953125                                       0.723784882947133                                 0.6184647299306625                                0.7250868777909959
0.1929375                                         0.7234233725065469                                0.6184627953807353                                0.7248239747932493
0.193921875                                       0.7230622085543086                                0.6184608783708282                                0.7245630413428242
0.19490625                                        0.7227013910904181                                0.6184589789009408                                0.7243040774397208
0.195890625                                       0.722340920114876                                 0.6184570969710689                                0.7240470830839388
0.196875                                          0.7219807956276818                                0.6184552325812178                                0.7237920582754785
0.197859375                                       0.7216210176288356                                0.6184533857313853                                0.7235390030143409
0.19884375                                        0.7212615861183374                                0.6184515564215719                                0.7232879173005241
0.199828125                                       0.7209025010961874                                0.6184497446517779                                0.7230388011340299
0.2008125                                         0.7205434874482439                                0.6184479492530129                                0.7227913129016678
0.20179687500000001                               0.7201831154103138                                0.6184461641500664                                0.7225436772446622
0.20278125                                        0.7198227592401427                                0.6184443951823003                                0.7222976005986328
0.203765625                                       0.7194624189377301                                0.618442642349715                                 0.7220530829635816
0.20475                                           0.7191020945030762                                0.6184409056523069                                0.721810124339508
0.205734375                                       0.7187417859361809                                0.618439185090076                                 0.7215687247264121
0.20671875                                        0.7183814932370445                                0.6184374806630242                                0.7213288841242922
0.207703125                                       0.7180212164056667                                0.6184357923711506                                0.7210906025331513
0.2086875                                         0.7176609554420474                                0.6184341202144562                                0.720853879952987
0.209671875                                       0.717300710346187                                 0.618432464192943                                 0.7206187163838002
0.21065625                                        0.7169404811180855                                0.6184308243066053                                0.7203851118255911
0.211640625                                       0.7165802677577426                                0.6184292005554481                                0.7201530662783601
0.212625                                          0.7162200702651584                                0.6184275929394669                                0.719922579742106
0.213609375                                       0.7158598886403329                                0.618426001458666                                 0.7196936522168285
0.21459375                                        0.715499722883266                                 0.6184244261130449                                0.7194662837025299
0.215578125                                       0.7151395729939578                                0.6184228669026002                                0.7192404741992078
0.2165625                                         0.7147794389724085                                0.6184213238273351                                0.7190162237068636
0.217546875                                       0.7144193208186178                                0.6184197968872479                                0.7187935322254964
0.21853125                                        0.7140592185325856                                0.6184182860823412                                0.7185723997551069
0.219515625                                       0.7136991321143125                                0.6184167914126116                                0.718352826295695
0.2205                                            0.713339061563798                                 0.618415312878061                                 0.71813481184726
0.221484375                                       0.7129790068810422                                0.6184138504786891                                0.7179183564098032
0.22246875                                        0.712620183723319                                 0.6184123899073454                                0.7177008183398123
0.223453125                                       0.7122617766302721                                0.6184109407612363                                0.7174839696462286
0.2244375                                         0.7119035202410258                                0.6184095061634113                                0.7172683869626574
0.225421875                                       0.71154541455558                                  0.6184080861138707                                0.7170540702890991
0.22640625                                        0.711187459573934                                 0.6184066806126147                                0.7168410196255528
0.227390625                                       0.7108296552960889                                0.6184052896596455                                0.7166292349720188
0.228375                                          0.710472001722044                                 0.6184039132549557                                0.7164187163284976
0.229359375                                       0.7101144988517993                                0.618402551398554                                 0.7162094636949883
0.23034375                                        0.7097571466853552                                0.6184012040904363                                0.7160014770714928
0.231328125                                       0.7093999452227113                                0.618399871330603                                 0.7157947564580069
0.2323125                                         0.7090428944638678                                0.6183985531190539                                0.7155893018545352
0.23329687500000001                               0.7086859944088246                                0.6183972494557892                                0.7153851132610758
0.23428125                                        0.708329245057582                                 0.6183959603408102                                0.715182190677628
0.235265625                                       0.7079726464101395                                0.6183946857741109                                0.7149805341041932
0.23625000000000002                               0.7076161984664977                                0.6183934257557008                                0.7147801435407709
0.237234375                                       0.7072599012266558                                0.6183921802855713                                0.7145810189873597
0.23821875                                        0.7069037546906145                                0.6183909493637323                                0.7143831604439624
0.239203125                                       0.7065477588583735                                0.618389732990171                                 0.7141865679105769
0.2401875                                         0.7061919137299331                                0.6183885311648956                                0.7139912413872037
0.241171875                                       0.705836219305293                                 0.6183873438879068                                0.7137971808738429
0.24215625                                        0.7054806755844529                                0.6183861711592019                                0.713604386370495
0.243140625                                       0.7051277224274091                                0.6183850010544543                                0.7134108070929509
0.244125                                          0.7047779741299203                                0.6183838305714188                                0.7132159267050101
0.245109375                                       0.7044288483678487                                0.6183826723306847                                0.7130219157367742
0.24609375                                        0.7040803451411946                                0.6183815263322525                                0.7128287741882406
0.247078125                                       0.7037324644499576                                0.6183803925761225                                0.7126365020594118
0.2480625                                         0.7033852062941381                                0.6183792710622931                                0.7124450993502858
0.249046875                                       0.7030385706737361                                0.6183781617907664                                0.7122545660608646
0.25003125                                        0.702692557588751                                 0.6183770647615442                                0.7120649021911463
0.251015625                                       0.7023471670391839                                0.6183759799746239                                0.7118761077411322
0.252                                             0.7020023990250335                                0.618374907430002                                 0.7116881827108212
0.252984375                                       0.7016582535463005                                0.618373847127686                                 0.7115011271002136
0.25396875                                        0.701314730602985                                 0.6183727990676695                                0.7113149409093104
0.254953125                                       0.7009718301950869                                0.6183717632499567                                0.7111296241381109
0.2559375                                         0.7006295523226058                                0.6183707396745454                                0.7109451767866148
0.256921875                                       0.7002878969855422                                0.618369728341434                                 0.7107615988548222
0.25790625                                        0.699946864183896                                 0.6183687292506268                                0.7105788903427341
0.258890625                                       0.6996064539176672                                0.6183677424021227                                0.7103970512503491
0.259875                                          0.6992666661868554                                0.6183667677959191                                0.7102160815776672
0.260859375                                       0.6989275009914613                                0.6183658054320161                                0.7100359813246901
0.26184375                                        0.6985889583314844                                0.6183648553104171                                0.7098567504914163
0.262828125                                       0.6982510382069247                                0.6183639174311203                                0.7096783890778459
0.2638125                                         0.6979146314919797                                0.6183629884462887                                0.7095003861802247
0.264796875                                       0.6975849414631203                                0.6183620488024091                                0.709319757793076
0.26578125                                        0.6972564918843047                                0.6183611190787527                                0.7091396444603311
0.266765625                                       0.6969292827555325                                0.6183601992753258                                0.7089600461819897
0.26775                                           0.6966033140768038                                0.6183592893921231                                0.7087809629580512
0.268734375                                       0.6962785858481186                                0.6183583894291489                                0.7086023947885166
0.26971875                                        0.6959550980694771                                0.6183574993864007                                0.7084243416733853
0.270703125                                       0.6956328507408791                                0.6183566192638781                                0.708246803612657
0.2716875                                         0.6953118438623247                                0.6183557490615809                                0.7080697806063326
0.272671875                                       0.6949920774338139                                0.6183548887795132                                0.7078932726544125
0.27365625                                        0.6946735514553466                                0.6183540384176702                                0.7077172797568937
0.274640625                                       0.6943562659269229                                0.6183531979760507                                0.7075418019137794
0.275625                                          0.6940402208485428                                0.6183523674546615                                0.7073668391250683
0.276609375                                       0.6937254162202062                                0.618351546853496                                 0.7071923913907611
0.27759375000000003                               0.6934118520419132                                0.6183507361725575                                0.7070184587108576
0.278578125                                       0.6930995283136638                                0.6183499354118457                                0.7068450410853567
0.2795625                                         0.692788445035458                                 0.6183491445713605                                0.7066721385142595
0.28054687500000003                               0.6924786022072957                                0.6183483636511                                   0.7064997509975659
0.28153125                                        0.692169999829177                                 0.618347592651066                                 0.7063278785352757
0.282515625                                       0.6918626379011017                                0.618346831571262                                 0.7061565211273895
0.2835                                            0.6915565164230701                                0.6183460804116806                                0.7059856787739052
0.284484375                                       0.6912516353950822                                0.6183453391723244                                0.7058153514748261
0.28546875                                        0.6909519265133015                                0.6183445890744492                                0.7056431834120701
0.286453125                                       0.6906548765533016                                0.6183438421218252                                0.7054706804750293
0.2874375                                         0.6903595142186356                                0.6183431029536112                                0.705298424651129
0.288421875                                       0.6900658395093036                                0.6183423715698028                                0.7051264159403715
0.28940625                                        0.6897738524253059                                0.618341647970401                                 0.7049546543427541
0.290390625                                       0.6894835529666419                                0.6183409321554066                                0.7047831398582767
0.291375                                          0.6891949411333123                                0.6183402241248178                                0.7046118724869416
0.292359375                                       0.6889080169253163                                0.6183395238786379                                0.7044408522287463
0.29334375                                        0.6886227803426546                                0.6183388314168602                                0.7042700790836919
0.294328125                                       0.6883392313853269                                0.6183381467394944                                0.7040995530517793
0.2953125                                         0.6880573700533335                                0.6183374698465347                                0.7039292741330073
0.296296875                                       0.6877771963466734                                0.6183368007379789                                0.7037592423273759
0.29728125                                        0.687498710265348                                 0.6183361394138325                                0.7035894576348861
0.298265625                                       0.6872219118093563                                0.6183354858740941                                0.7034199200555369
0.29925                                           0.6869468009786988                                0.6183348401187609                                0.7032506295893289
0.300234375                                       0.6866733777733751                                0.6183342021478361                                0.7030815862362616
0.30121875                                        0.6864016421933858                                0.6183335719613158                                0.7029127899963347
0.302203125                                       0.6861315942387303                                0.6183329495592021                                0.70274424086955
0.3031875                                         0.6858632339094088                                0.6183323349414956                                0.7025759388559049
0.304171875                                       0.6855965612054216                                0.6183317281081997                                0.702407883955402
0.30515625                                        0.685331576126768                                 0.6183311290593072                                0.7022400761680391
0.306140625                                       0.685068991733913                                 0.6183305295907316                                0.7020718038266512
0.307125                                          0.6848090550534953                                0.6183299268603181                                0.7019028203872835
0.308109375                                       0.6845509499308173                                0.6183293302583005                                0.7017339404098898
0.30909375                                        0.6842946763658793                                0.6183287397846828                                0.701565163894471
0.310078125                                       0.6840402343586807                                0.6183281554394601                                0.701396490841027
0.3110625                                         0.6837876239092222                                0.6183275772226376                                0.7012279212495571
0.312046875                                       0.6835368450175032                                0.6183270051342132                                0.7010594551200634
0.31303125                                        0.6832878976835244                                0.6183264391741863                                0.7008910924525438
0.314015625                                       0.6830407819072848                                0.6183258793425588                                0.7007228332469988
0.315                                             0.6827954976887856                                0.618325325639328                                 0.700554677503429
0.315984375                                       0.6825520450280256                                0.6183247780644949                                0.7003866252218331
0.31696875                                        0.6823104239250055                                0.6183242366180611                                0.7002186764022131
0.317953125                                       0.6820706343797254                                0.6183237013000228                                0.7000508310445676
0.3189375                                         0.6818326763921849                                0.6183231721103842                                0.6998830891488964
0.319921875                                       0.6815965499623842                                0.6183226490491421                                0.6997154507152
0.32090625                                        0.6813622550903231                                0.6183221321163015                                0.6995479157434785
0.321890625                                       0.681129791776002                                 0.6183216213118548                                0.6993804842337319
0.322875                                          0.6808991600194207                                0.6183211166358079                                0.6992131561859601
0.323859375                                       0.6806700010895794                                0.6183206104515574                                0.6990455804356788
0.32484375                                        0.6804423618017599                                0.6183201037557                                   0.6988778028107205
0.325828125                                       0.6802164871253138                                0.6183196017630955                                0.6987100631134331
0.3268125                                         0.6799923770602412                                0.6183191044737472                                0.6985423613438174
0.327796875                                       0.679770031606542                                 0.6183186118876554                                0.6983746975018734
0.32878125                                        0.6795494507642166                                0.6183181240048201                                0.6982070715875996
0.329765625                                       0.6793306345332644                                0.6183176408252393                                0.6980394836009971
0.33075                                           0.6791135829136856                                0.6183171623489132                                0.6978719335420671
0.331734375                                       0.6788982959054803                                0.618316688575844                                 0.6977044214108078
0.33271875                                        0.6786847735086488                                0.6183162195060293                                0.6975369472072196
0.333703125                                       0.6784730157231906                                0.6183157551394727                                0.6973695109313028
0.3346875                                         0.6782630225491058                                0.6183152954761691                                0.6972021125830578
0.335671875                                       0.6780547939863946                                0.6183148405161221                                0.6970347521624839
0.33665625                                        0.6778483300350568                                0.6183143902593315                                0.6968674296695806
0.337640625                                       0.6776436306950924                                0.618313944705794                                 0.696700145104349
0.338625                                          0.6774406959665016                                0.6183135038555154                                0.6965328984667885
0.339609375                                       0.6772380346708293                                0.6183130595667117                                0.6963657121958349
0.34059375000000003                               0.6770368852607871                                0.618312618601288                                 0.6961985676555149
0.341578125                                       0.6768373123048956                                0.6183121813117911                                0.6960314638742164
0.3425625                                         0.6766393158031545                                0.6183117476982168                                0.6958644008519388
0.34354687500000003                               0.6764428957555642                                0.618311317760566                                 0.695697378588682
0.34453125                                        0.6762480521621241                                0.6183108914988428                                0.6955303970844463
0.345515625                                       0.6760547850228349                                0.6183104689130396                                0.6953634563392319
0.34650000000000003                               0.6758630943376962                                0.6183100500031634                                0.695196556353039
0.347484375                                       0.6756729801067081                                0.6183096347692103                                0.6950296971258659
0.34846875                                        0.6754844423298705                                0.61830922321118                                  0.6948628786577143
0.349453125                                       0.6752974810071835                                0.6183088153290732                                0.6946961009485838
0.3504375                                         0.675112096138647                                 0.6183084111228953                                0.6945293639984742
0.351421875                                       0.6749282877242611                                0.6183080105926366                                0.6943626678073859
0.35240625                                        0.6747460557640257                                0.6183076137383018                                0.6941960123753184
0.353390625                                       0.6745639689144303                                0.6183072157365882                                0.6940296356354988
0.354375                                          0.674383085397638                                 0.6183068201534598                                0.6938633616789213
0.355359375                                       0.67420356415021                                  0.618306427524502                                 0.6936971640854518
0.35634375                                        0.6740254051721459                                0.6183060378497166                                0.6935310428550876
0.357328125                                       0.6738486084634463                                0.618305651129095                                 0.6933649979878316
0.3583125                                         0.6736731740241106                                0.6183052673626452                                0.6931990294836827
0.359296875                                       0.6734991018541392                                0.6183048865503646                                0.6930331373426403
0.36028125                                        0.6733263919535322                                0.618304508692256                                 0.6928673215647053
0.361265625                                       0.6731550443222889                                0.6183041337883137                                0.6927015821498769
0.36225                                           0.67298505896041                                  0.6183037618385404                                0.6925359190981555
0.363234375                                       0.6728164358678956                                0.6183033928429384                                0.6923703324095412
0.36421875                                        0.6726491750447452                                0.6183030268015036                                0.692204822084034
0.365203125                                       0.6724829726840422                                0.6183026629136075                                0.6920394564284231
0.3661875                                         0.6723170349874203                                0.6183022990873186                                0.6918744139173062
0.367171875                                       0.6721522612179098                                0.6183019376925047                                0.6917094923638132
0.36815625                                        0.6719886513755104                                0.6183015787291583                                0.691544691767943
0.369140625                                       0.6718262054602224                                0.6183012221972823                                0.6913800121296949
0.370125                                          0.6716649234720458                                0.6183008680968789                                0.6912154534490718
0.371109375                                       0.67150480541098                                  0.6183005164279467                                0.6910510157260698
0.37209375                                        0.6713458512770258                                0.6183001671904843                                0.690886698960693
0.373078125                                       0.6711880610701828                                0.6182998203844949                                0.6907225031529367
0.3740625                                         0.6710314347904509                                0.6182994760099718                                0.6905584283028056
0.375046875                                       0.6708759724378304                                0.618299134066924                                 0.6903944744102966
0.37603125                                        0.6707216740123214                                0.6182987945553434                                0.6902306414754108
0.377015625                                       0.6705676686638675                                0.6182984554851636                                0.6900671467732112
0.378                                             0.6704145149365173                                0.6182981181327718                                0.6899038509482571
0.378984375                                       0.6702623571307997                                0.61829778282792                                  0.6897407179979023
0.37996875                                        0.6701111952467138                                0.6182974495706154                                0.6895777479221468
0.380953125                                       0.6699610292842608                                0.6182971183608537                                0.6894149407209909
0.3819375                                         0.6698118592434397                                0.6182967891986364                                0.6892522963944336
0.382921875                                       0.6696636851242508                                0.6182964620839608                                0.6890898149424753
0.38390625                                        0.6695165069266944                                0.6182961370168303                                0.6889274963651174
0.384890625                                       0.6693703246507701                                0.6182958139972426                                0.6887653406623578
0.385875                                          0.669225138296478                                 0.6182954930251975                                0.6886033478341985
0.386859375                                       0.6690805077206001                                0.6182951731786928                                0.6884416306507578
0.38784375                                        0.6689364656845125                                0.6182948545263586                                0.6882801807181679
0.388828125                                       0.668793283343367                                 0.6182945376362009                                0.6881189285631346
0.3898125                                         0.668650960697164                                 0.6182942225082239                                0.6879578741856591
0.390796875                                       0.6685094977459032                                0.6182939091424227                                0.6877970175857406
0.39178125                                        0.6683688944895847                                0.6182935975388026                                0.6876363587633788
0.392765625                                       0.6682291509282083                                0.6182932876973599                                0.6874758977185746
0.39375                                           0.6680902670617745                                0.618292979618096                                 0.6873156344513277
0.394734375                                       0.6679522428902831                                0.6182926733010111                                0.6871555689616365
0.39571875                                        0.6678148867317757                                0.6182923683656194                                0.6869957496851073
0.396703125                                       0.6676779890841762                                0.6182920643960604                                0.6868362295602632
0.3976875                                         0.6675418429954227                                0.6182917619740324                                0.6866769345375977
0.398671875                                       0.6674064484655162                                0.6182914610995367                                0.6865178646171117
0.39965625                                        0.667271805494456                                 0.6182911617725699                                0.6863590197988054
0.40064062500000003                               0.6671379140822422                                0.6182908639931325                                0.6862004000826798
0.401625                                          0.6670047742288752                                0.6182905677612252                                0.6860420054687318
0.402609375                                       0.6668723859343544                                0.6182902730768505                                0.685883835956965
0.40359375000000003                               0.6667407257567171                                0.6182899798949674                                0.6857258972519423
0.404578125                                       0.6666094390291346                                0.6182896875342113                                0.6855682756612811
0.4055625                                         0.666478818743427                                 0.6182893965574623                                0.685410899885881
0.40654687500000003                               0.6663488648995939                                0.6182891069647204                                0.6852537699257408
0.40753125                                        0.6662195774976354                                0.6182888187559871                                0.6850968857808631
0.408515625                                       0.6660909565375519                                0.618288531931263                                 0.684940247451247
0.4095                                            0.665963002019343                                 0.6182882464905429                                0.6847838549368914
0.410484375                                       0.6658357139430087                                0.6182879624338324                                0.6846277082377971
0.41146875                                        0.6657089207793834                                0.6182876794371831                                0.6844718468354255
0.412453125                                       0.6655826189462539                                0.6182873974938309                                0.6843162715543074
0.4134375                                         0.665456911774486                                 0.6182871167989222                                0.6841609586104184
0.414421875                                       0.6653317992640801                                0.6182868373524587                                0.6840059080037616
0.41540625                                        0.6652072814150358                                0.6182865591544405                                0.6838511197343332
0.416390625                                       0.6650833582273532                                0.6182862822048664                                0.6836965938021365
0.417375                                          0.6649600297010325                                0.6182860065037373                                0.6835423302071693
0.418359375                                       0.6648372701218754                                0.6182857320029629                                0.6833883344208947
0.41934375                                        0.6647148835087582                                0.6182854583360317                                0.6832346481441482
0.420328125                                       0.6645930347582174                                0.618285185811322                                 0.6830812362902692
0.4213125                                         0.6644717238702533                                0.6182849144288377                                0.6829280988592563
0.422296875                                       0.664350950844866                                 0.6182846441885754                                0.6827752358511113
0.42328125                                        0.664230715682055                                 0.618284375090535                                 0.6826226472658328
0.424265625                                       0.6641110183818209                                0.6182841071347186                                0.6824703331034226
0.42525                                           0.6639918589441636                                0.6182838403211243                                0.682318293363879
0.426234375                                       0.6638731093911558                                0.6182835744109266                                0.6821665528654569
0.42721875                                        0.6637547874001721                                0.6182833094371158                                0.6820151081800535
0.428203125                                       0.6636369544703657                                0.6182830455144531                                0.6818639473813799
0.4291875                                         0.6635196106017371                                0.6182827826429446                                0.681713070469437
0.430171875                                       0.6634027557942859                                0.618282520822586                                 0.6815624774442237
0.43115625                                        0.6632863900480124                                0.6182822600533823                                0.6814121683057404
0.432140625                                       0.6631705133629164                                0.6182820003353288                                0.6812621430539862
0.433125                                          0.6630550979124237                                0.6182817416163081                                0.6811124064952595
0.434109375                                       0.6629400135076098                                0.6182814836524712                                0.6809629811162048
0.43509375                                        0.6628253760165763                                0.6182812266608417                                0.6808138469037154
0.436078125                                       0.6627111854393237                                0.6182809706414204                                0.6806650038577894
0.4370625                                         0.6625974417758518                                0.6182807155942067                                0.6805164519784277
0.438046875                                       0.6624841450261605                                0.6182804615192053                                0.6803681912656296
0.43903125                                        0.6623712951902496                                0.618280208416412                                 0.6802202217193952
0.440015625                                       0.6622588922681194                                0.6182799562858237                                0.6800725433397243
0.441                                             0.6621468323811197                                0.618279704931136                                 0.6799251715647965
0.441984375                                       0.6620351438818093                                0.6182794544059234                                0.6797781021809264
0.44296875                                        0.6619238659505278                                0.6182792047842348                                0.6796313293652311
0.443953125                                       0.6618129985872749                                0.6182789560660654                                0.6794848531177128
0.4449375                                         0.6617025417920512                                0.618278708251421                                 0.6793386734383711
0.445921875                                       0.6615924955648562                                0.6182784613402958                                0.6791927903272059
0.44690625                                        0.6614828599056901                                0.6182782153326918                                0.6790472037842162
0.447890625                                       0.6613736075906709                                0.6182779701764662                                0.6789019171023192
0.448875                                          0.6612646535109332                                0.6182777257085976                                0.678756940576019
0.449859375                                       0.6611560787279871                                0.618277482084351                                 0.6786122644003671
0.45084375                                        0.6610478832418325                                0.6182772393037322                                0.6784678885753642
0.451828125                                       0.660940067052469                                 0.6182769973667337                                0.6783238131010086
0.4528125                                         0.6608326301598972                                0.6182767562733614                                0.6781800379773008
0.453796875                                       0.6607255725641168                                0.6182765160236129                                0.6780365632042419
0.45478125                                        0.6606188942651279                                0.6182762766174905                                0.6778933887818297
0.455765625                                       0.6605125120931303                                0.618276037892912                                 0.6777505221168708
0.45675                                           0.660406458376297                                 0.6182757999128773                                0.677607960330332
0.457734375                                       0.6603007570975681                                0.6182755627241262                                0.6774657012863791
0.45871875                                        0.6601954082569441                                0.6182753263266593                                0.6773237449850127
0.459703125                                       0.6600904118544255                                0.618275090720473                                 0.6771820914262323
0.4606875                                         0.6599857678900114                                0.6182748559055703                                0.6770407406100382
0.461671875                                       0.6598814763637022                                0.6182746218819525                                0.6768996925364311
0.46265625                                        0.6597775122918952                                0.6182743885999251                                0.6767589485107876
0.46364062500000003                               0.6596738215326567                                0.6182741559518139                                0.676618511361993
0.464625                                          0.6595704601592578                                0.6182739240491357                                0.6764783781602515
0.465609375                                       0.6594674281716979                                0.6182736928918909                                0.6763385489055636
0.46659375000000003                               0.6593647255699773                                0.6182734624800871                                0.6761990235979283
0.467578125                                       0.6592623523540961                                0.6182732328137158                                0.6760598022373485
0.4685625                                         0.6591603085240543                                0.6182730038927793                                0.6759208848238196
0.46954687500000003                               0.6590585940798515                                0.618272775717277                                 0.675782271357346
0.47053125                                        0.6589571429486241                                0.6182725481527823                                0.675643962494118
0.471515625                                       0.6588559874531739                                0.6182723212650545                                0.6755059579131276
0.47250000000000003                               0.6587551415489841                                0.6182720950824907                                0.6753682574757768
0.473484375                                       0.6586546052360549                                0.6182718696050861                                0.6752308611820671
0.47446875                                        0.6585543785143866                                0.6182716448328448                                0.6750937690319976
0.475453125                                       0.6584544613839789                                0.6182714207657651                                0.6749569810255683
0.4764375                                         0.658354853844832                                 0.6182711974038457                                0.6748204971627788
0.477421875                                       0.6582555337651375                                0.6182709747009519                                0.6746843165940015
0.47840625                                        0.6581564676031437                                0.6182707525871549                                0.6745484380315829
0.479390625                                       0.6580576940059133                                0.6182705311430282                                0.6744128629591657
0.480375                                          0.6579592129734468                                0.6182703103685658                                0.6742775913767494
0.481359375                                       0.6578610245057441                                0.6182700902637707                                0.6741426232843343
0.48234375                                        0.6577631286028052                                0.6182698708286427                                0.674007958681921
0.483328125                                       0.65766552526463                                  0.6182696520631805                                0.6738735975695082
0.4843125                                         0.6575682144912185                                0.6182694339673869                                0.6737395399470979
0.485296875                                       0.6574711436638285                                0.6182692164287696                                0.6736057809196493
0.48628125                                        0.6573743431581822                                0.6182689995122668                                0.6734723233129696
0.487265625                                       0.6572778205281105                                0.618268783234028                                 0.6733391678297792
0.48825                                           0.6571815757736139                                0.6182685675940556                                0.6732063144700783
0.489234375                                       0.6570856088946921                                0.6182683525923444                                0.6730737632338654
0.49021875                                        0.6569899198913451                                0.6182681382288956                                0.672941514121144
0.491203125                                       0.6568945087635734                                0.6182679245037123                                0.6728095671319102
0.4921875                                         0.6567993561832539                                0.6182677113744214                                0.6726779192885879
