% Time (s)                                        Temperature (K), Point: (0.5, 0.5)                Temperature (1), Top                              Temperature (1), Bottom
0                                                 0.8953488391738051                                0.790906976744849                                 0.9999343275791369
9.84375E-4                                        0.8954078875281362                                0.7909070178466524                                0.9926132947109274
0.00196875                                        0.8955110764949263                                0.7909071107611696                                0.9896965738512881
0.002953125                                       0.895654021365411                                 0.7909072362446015                                0.9873206590465208
0.0039375                                         0.8958473739608055                                0.790907394200616                                 0.985242806772287
0.004921875                                       0.8961002022125322                                0.7909075830112218                                0.9833186938194378
0.00590625                                        0.8964219736808035                                0.7909078053560885                                0.9815216199393317
0.006890625                                       0.8968483176228732                                0.7909080742184595                                0.9798159252319958
0.007875                                          0.8973863485789555                                0.7909083918625588                                0.978183106585035
0.008859375                                       0.8980680532563723                                0.7909087695643457                                0.9765759283963124
0.00984375                                        0.8989178713367916                                0.7909092192508662                                0.9749713994441918
0.010828125000000001                              0.899948334323843                                 0.790909746597437                                 0.9733555607773652
0.0118125                                         0.9011989410981618                                0.7909103802739338                                0.9716911635455014
0.012796875                                       0.9026620395659481                                0.7909111208961233                                0.9699831885105571
0.01378125                                        0.9043550675928211                                0.7909120003732472                                0.9682061734302543
0.014765625000000001                              0.9062609633053635                                0.7909130326211451                                0.9663594344131433
0.01575                                           0.908369839123802                                 0.7909142395178324                                0.9644347414674358
0.016734375                                       0.9106200066548429                                0.7909156581273178                                0.9624332129170498
0.01771875                                        0.9129986956737663                                0.7909172939621752                                0.9603562103692562
0.018703125                                       0.9153925231454996                                0.790919196991534                                 0.9582152853204278
0.0196875                                         0.9177823585120013                                0.7909213708977115                                0.9560159396216584
0.020671875                                       0.9200680059495192                                0.7909238520924875                                0.9537743772968299
0.021656250000000002                              0.9221918478753279                                0.7909266575132721                                0.951506389073109
0.022640625                                       0.9241183108487581                                0.7909297985878577                                0.9492201639564487
0.023625                                          0.9257654785849161                                0.7909332965864112                                0.9469467545033059
0.024609375                                       0.927151339723346                                 0.7909371441018795                                0.9446835775473118
0.02559375                                        0.9282406498706688                                0.7909413414594662                                0.9424564975879833
0.026578125                                       0.9290498511808933                                0.7909458723390377                                0.9402693510926567
0.0275625                                         0.9295833843985917                                0.7909507212869604                                0.9381340385630634
0.028546875                                       0.9298770941287375                                0.7909558390522659                                0.9360596572787623
0.029531250000000002                              0.9299375470575957                                0.7909612153377032                                0.934047357652193
0.030515625                                       0.9298191895993078                                0.7909667640152901                                0.932104857941599
0.0315                                            0.9295265285219108                                0.7909724715931565                                0.9302307366099973
0.032484375                                       0.9291020015825107                                0.7909782588004238                                0.9284275459678417
0.03346875                                        0.9285876156331596                                0.7909840163906614                                0.9266921476208584
0.034453125                                       0.9280073470003425                                0.7909896868349947                                0.9250236384150361
0.0354375                                         0.9273470348906727                                0.7909953041108722                                0.9234225517672571
0.036421875                                       0.9266228091366457                                0.7910008181642876                                0.9218865032011754
0.03740625                                        0.9258816743624143                                0.7910060831307314                                0.9204085440138449
0.038390625                                       0.9250923328433056                                0.7910111961331369                                0.9189933009541338
0.039375                                          0.9242547845793194                                0.7910161571715079                                0.9176407740220421
0.040359375                                       0.9234267194820271                                0.7910207798725528                                0.9163382419621743
0.04134375                                        0.9225909236866907                                0.7910251198474596                                0.9150895006196553
0.042328125                                       0.9217390317292065                                0.7910292041217301                                0.9138963946706602
0.043312500000000004                              0.920884982544526                                 0.7910329908765071                                0.9127531283173143
0.044296875                                       0.9200475615098014                                0.7910364237528738                                0.9116518906149977
0.04528125                                        0.9192118239613243                                0.7910395475870386                                0.9105988955427871
0.046265625                                       0.9183777698990947                                0.7910423623789954                                0.9095941431006831
0.04725                                           0.917562600674819                                 0.7910448540415244                                0.9086227116980785
0.048234375                                       0.9167574459022276                                0.7910470298391208                                0.9076922960949382
0.04921875                                        0.9159619736092002                                0.7910488900436569                                0.906803184265844
0.050203125                                       0.9151789405847                                   0.7910504626516214                                0.9059487024939855
0.0511875                                         0.9144098799886922                                0.7910517632329817                                0.9051251392600688
0.052171875                                       0.9136530556385485                                0.791052774155983                                 0.9043366975666985
0.05315625                                        0.9129084500707569                                0.7910535038498189                                0.9035823266970506
0.054140625                                       0.9121758905741113                                0.7910540356778065                                0.9028516352374887
0.055125                                          0.9114554780841533                                0.791054320920924                                 0.9021506961174027
0.056109375                                       0.9107472126008824                                0.7910543595791718                                0.9014795093367924
0.05709375                                        0.9100494748227581                                0.791054218894277                                 0.9008316600307452
0.058078125                                       0.9093621394705353                                0.7910539040684798                                0.9002066519053904
0.059062500000000004                              0.9086857888292608                                0.7910533909223084                                0.8996067916836087
0.060046875                                       0.9080197728279373                                0.7910527001960485                                0.8990303094069864
0.06103125                                        0.9073618439976692                                0.791051903594397                                 0.8984710858570244
0.062015625                                       0.906713458686073                                 0.7910509546530985                                0.8979330862540187
0.063                                             0.9060746168931495                                0.7910498533721533                                0.8974163105979693
0.063984375                                       0.9054417451328232                                0.7910487070219281                                0.8969115178567321
0.06496875                                        0.9048157157873533                                0.7910474894148974                                0.8964209640101326
0.065953125                                       0.904197158448562                                 0.7910461816517147                                0.8959462771821212
0.0669375                                         0.9035860731164489                                0.791044783732381                                 0.8954874573727007
0.067921875                                       0.9029824597910141                                0.7910432956568911                                0.895044504581868
0.06890625                                        0.9023863184722578                                0.7910417174252543                                0.8946174188096252
0.069890625                                       0.90179764916018                                  0.7910400490374635                                0.8942062000559717
0.070875                                          0.9012120761192524                                0.7910384071706307                                0.893799671774813
0.071859375                                       0.900632581518219                                 0.7910367123065043                                0.8934054510504582
0.07284375                                        0.900059376715244                                 0.7910349588093123                                0.8930240777359786
0.073828125                                       0.8994924617103273                                0.7910331466790549                                0.8926555518313726
0.0748125                                         0.8989318365034691                                0.7910312759157295                                0.8922998733366408
0.075796875                                       0.8983775010946689                                0.7910293465193362                                0.8919570422517841
0.07678125                                        0.897829096318661                                 0.7910273681926071                                0.8916260243365277
0.077765625                                       0.897282298652951                                 0.79102545773405                                  0.891294369720272
0.07875                                           0.8967405350075763                                0.7910235225668416                                0.8909719464184118
0.079734375                                       0.8962038053825383                                0.7910215626909812                                0.8906587544309481
0.08071875                                        0.895672109777836                                 0.7910195781064673                                0.8903547937578793
0.081703125                                       0.8951454481934702                                0.7910175688133011                                0.8900600643992058
0.0826875                                         0.8946238206294399                                0.791015534811485                                 0.8897745663549279
0.083671875                                       0.8941066126958366                                0.7910134925202559                                0.8894961541254721
0.08465625                                        0.8935917376589535                                0.7910114977064481                                0.8892175406668805
0.085640625                                       0.8930810976742671                                0.7910094995359847                                0.8889453684609094
0.08662500000000001                               0.8925746927417781                                0.7910074980088676                                0.8886796375075565
0.087609375                                       0.8920725228614856                                0.7910054931250888                                0.888420347806824
0.08859375                                        0.8915745880333903                                0.7910034848846517                                0.8881674993587095
0.089578125                                       0.8910808882574914                                0.7910014732875585                                0.8879210921632158
0.0905625                                         0.8905908375638096                                0.7909994732437396                                0.8876785301964544
0.091546875                                       0.890103631215444                                 0.7909975052296224                                0.8874362482310483
0.09253125                                        0.8896201985708467                                0.7909955455977987                                0.8871983636054666
0.093515625                                       0.8891405396300174                                0.7909935943482744                                0.8869648763197077
0.0945                                            0.8886646543929568                                0.7909916514810393                                0.8867357863737729
0.095484375                                       0.8881925428596646                                0.7909897169961031                                0.8865110937676614
0.09646875                                        0.8877242050301406                                0.7909877908934597                                0.8862907985013735
0.097453125                                       0.8872588703515212                                0.7909858855514551                                0.8860710617369844
0.0984375                                         0.8867961769002146                                0.7909840067841188                                0.8858500803976728
0.099421875                                       0.8863368265430067                                0.7909821433164907                                0.8856313511323518
0.10040625                                        0.8858808192798973                                0.7909802951485767                                0.8854148739410195
0.101390625                                       0.885428155110886                                 0.7909784622803683                                0.8852006488236781
0.102375                                          0.8849788340359732                                0.7909766447118771                                0.8849886757803251
0.103359375                                       0.8845328560551584                                0.790974842443095                                 0.8847789548109627
0.10434375                                        0.8840902211684425                                0.7909730554740217                                0.8845714859155915
0.105328125                                       0.8836509293758246                                0.7909712838046605                                0.8843662690942082
0.1063125                                         0.8832149806773053                                0.7909695274350098                                0.8841633043468152
0.107296875                                       0.882782375072884                                 0.7909677863650714                                0.8839625916734122
0.10828125                                        0.8823531125625614                                0.7909660605948434                                0.8837641310739986
0.109265625                                       0.881927193146337                                 0.7909643501243255                                0.8835679225485749
0.11025                                           0.8815046168242111                                0.7909626549535185                                0.8833739660971411
0.111234375                                       0.8810843510942414                                0.7909609758672764                                0.883177720982157
0.11221875                                        0.88066693050514                                  0.7909593124592641                                0.8829815380422049
0.113203125                                       0.8802526645678703                                0.7909576644942086                                0.8827867784447515
0.1141875                                         0.8798415532824326                                0.7909560319721067                                0.8825934421897972
0.115171875                                       0.8794335966488265                                0.790954414892961                                 0.8824015292773426
0.11615625                                        0.8790287946670525                                0.7909528132567665                                0.8822110397073856
0.117140625                                       0.8786271473371101                                0.7909512270635273                                0.8820219734799273
0.11812500000000001                               0.8782286546589997                                0.7909496563132465                                0.8818343305949685
0.119109375                                       0.8778333166327212                                0.7909481010059184                                0.8816481110525072
0.12009375                                        0.8774411332582743                                0.7909465611415455                                0.8814633148525447
0.121078125                                       0.8770521045356594                                0.79094503672013                                  0.8812799419950827
0.1220625                                         0.876666230464876                                 0.7909435277416651                                0.8810979924801183
0.123046875                                       0.8762835110459248                                0.7909420342061592                                0.8809174663076529
0.12403125                                        0.8759038949347415                                0.7909405559639046                                0.880738220217625
0.125015625                                       0.8755253686081195                                0.7909390871440943                                0.8805546360833368
0.126                                             0.8751497106203687                                0.7909376329324391                                0.8803716764219408
0.126984375                                       0.8747769209714891                                0.7909361933289424                                0.8801893412334395
0.12796875                                        0.8744069996614803                                0.7909347683336                                   0.8800076305178309
0.128953125                                       0.8740399466903428                                0.7909333579464145                                0.8798265442751156
0.1299375                                         0.8736757620580762                                0.7909319621673849                                0.8796460825052934
0.130921875                                       0.8733144457646804                                0.7909305809965094                                0.8794662452083637
0.13190625                                        0.872955997810156                                 0.790929214433791                                 0.8792870323843275
0.132890625                                       0.8726004181945024                                0.790927862479225                                 0.8791084440331849
0.133875                                          0.8722477069177199                                0.7909265251328182                                0.8789304801549367
0.134859375                                       0.8718978639798083                                0.7909252023945653                                0.8787531407495802
0.13584375                                        0.8715508893807677                                0.79092389426447                                  0.8785764258171175
0.136828125                                       0.8712067831205985                                0.7909226007425293                                0.8784003353575478
0.1378125                                         0.8708649252735627                                0.7909213178886172                                0.8782240859951703
0.13879687500000001                               0.8705242656402066                                0.7909200390278733                                0.8780463506343587
0.13978125                                        0.8701861754182523                                0.7909187728753577                                0.8778688620035894
0.140765625                                       0.8698506546076998                                0.7909175194310761                                0.8776916201028606
0.14175                                           0.8695177032085493                                0.7909162786950255                                0.877514624932174
0.142734375                                       0.8691873212208008                                0.7909150506672047                                0.8773378764915293
0.14371875                                        0.8688595086444539                                0.7909138353476157                                0.8771613747809258
0.144703125                                       0.8685342654795094                                0.7909126327362569                                0.876985119800365
0.1456875                                         0.8682115917259665                                0.7909114428331324                                0.8768091115498452
0.146671875                                       0.8678914873838255                                0.7909102656382382                                0.8766333500293657
0.14765625                                        0.8675739524530865                                0.7909091011515709                                0.876457835238929
0.148640625                                       0.8672589869337495                                0.7909079493731407                                0.8762825671785348
0.149625                                          0.8669465908258143                                0.7909068103029382                                0.8761075458481806
0.150609375                                       0.8666367641292809                                0.7909056839409659                                0.875932771247869
0.15159375                                        0.866328297177994                                 0.7909045619449588                                0.8757577685895657
0.152578125                                       0.8660212353395029                                0.7909034446277831                                0.8755825556798125
0.1535625                                         0.8657164435674127                                0.790902337954454                                 0.8754074720086564
0.154546875                                       0.8654139218617232                                0.7909012419249706                                0.8752325175760971
0.15553125                                        0.8651136702224342                                0.7909001565393339                                0.8750576923821345
0.156515625                                       0.8648156886495459                                0.7908990817975449                                0.8748829964267698
0.1575                                            0.8645199771430583                                0.7908980176996026                                0.8747084297100006
0.158484375                                       0.8642265357029713                                0.790896964245505                                 0.8745339922318294
0.15946875                                        0.8639353643292849                                0.7908959214352509                                0.8743596839922545
0.160453125                                       0.8636464630219991                                0.7908948892688494                                0.8741855049912769
0.1614375                                         0.863359831781114                                 0.7908938677462897                                0.8740114552288953
0.162421875                                       0.8630754706066295                                0.7908928568675774                                0.873837534705111
0.16340625                                        0.8627933794985458                                0.7908918566327114                                0.8736637434199249
0.164390625                                       0.8625135584568626                                0.790890867041692                                 0.873490081373335
0.165375                                          0.8622342830230671                                0.79088987705815                                  0.8733165893804081
0.166359375                                       0.8619566766827405                                0.7908888938722808                                0.8731432408501092
0.16734375                                        0.8616810568254958                                0.7908879195153552                                0.872970028270354
0.168328125                                       0.8614074234513334                                0.7908869539873662                                0.8727969516411406
0.1693125                                         0.8611357765602534                                0.7908859972883198                                0.8726240109624708
0.17029687500000001                               0.8608661161522555                                0.7908850494182121                                0.8724512062343434
0.17128125                                        0.86059844222734                                  0.7908841103770474                                0.8722785374567593
0.172265625                                       0.8603327547855064                                0.7908831801648194                                0.8721060046297181
0.17325000000000002                               0.8600690538267555                                0.7908822587815313                                0.8719336077532182
0.174234375                                       0.8598073393510866                                0.7908813462271834                                0.8717613468272626
0.17521875                                        0.8595476113584999                                0.7908804425017778                                0.8715892218518491
0.176203125                                       0.8592898698489957                                0.7908795476053123                                0.8714172328269785
0.1771875                                         0.8590341148225735                                0.7908786615377847                                0.8712453797526512
0.178171875                                       0.8587801605836289                                0.7908777832355758                                0.871073698912155
0.17915625                                        0.858526462016747                                 0.7908769038486432                                0.8709024922074522
0.180140625                                       0.8582744933659403                                0.7908760318210969                                0.8707314715842305
0.181125                                          0.8580242546312093                                0.7908751671529377                                0.870560637042487
0.182109375                                       0.8577757458125539                                0.7908743098441614                                0.8703899885822247
0.18309375                                        0.8575289669099742                                0.790873459894772                                 0.8702195262034411
0.184078125                                       0.8572839179234699                                0.7908726173047713                                0.870049249906137
0.1850625                                         0.8570405988530412                                0.7908717820741566                                0.869879159690313
0.186046875                                       0.8567990096986882                                0.7908709542029249                                0.869709255555969
0.18703125                                        0.8565591504604104                                0.7908701336910815                                0.8695395375031022
0.188015625                                       0.8563210211382084                                0.7908693205386255                                0.8693700055317182
0.189                                             0.8560846217320819                                0.7908685147455532                                0.869200659641812
0.189984375                                       0.8558499522420311                                0.7908677163118679                                0.8690314998333861
0.19096875                                        0.855617012668056                                 0.790866925237572                                 0.8688625261064387
0.191953125                                       0.8553852092432195                                0.7908661384738599                                0.8686938786336181
0.1929375                                         0.855153988450795                                 0.7908653531786113                                0.8685256880855601
0.193921875                                       0.8549242726164825                                0.7908645740876594                                0.8683577367255988
0.19490625                                        0.8546960617402817                                0.7908638012010096                                0.8681900245537331
0.195890625                                       0.8544693558221923                                0.7908630345186657                                0.8680225515699647
0.196875                                          0.8542441548622146                                0.790862274040617                                 0.8678553177742921
0.197859375                                       0.8540204588603486                                0.7908615197668726                                0.8676883231667157
0.19884375                                        0.8537982678165941                                0.7908607716974265                                0.8675215677472355
0.199828125                                       0.8535775817309514                                0.790860029832281                                 0.8673550515158515
0.2008125                                         0.8533584006034203                                0.790859294171439                                 0.8671887744725636
0.20179687500000001                               0.8531407244340006                                0.7908585647148945                                0.8670227366173723
0.20278125                                        0.8529245532226928                                0.7908578414626537                                0.8668569379502775
0.203765625                                       0.8527098869694965                                0.7908571244147139                                0.8666913784712782
0.20475                                           0.8524967256744118                                0.7908564135710736                                0.8665260581803754
0.205734375                                       0.8522836611556301                                0.7908557025813293                                0.8663612013251727
0.20671875                                        0.8520710727373113                                0.7908549931561016                                0.8661967474997403
0.207703125                                       0.8518596849928337                                0.790854288562958                                 0.866032581318518
0.2086875                                         0.8516494979221971                                0.7908535888019009                                0.8658687027815061
0.209671875                                       0.8514405115254018                                0.7908528938729316                                0.8657051118887048
0.21065625                                        0.8512327258024479                                0.7908522037760447                                0.8655418086401145
0.211640625                                       0.8510261407533348                                0.7908515185112462                                0.8653787930357345
0.212625                                          0.8508207563780632                                0.790850838078531                                 0.8652160650755645
0.213609375                                       0.8506165726766324                                0.7908501624779033                                0.8650536247596058
0.21459375                                        0.850413589649043                                 0.7908494917093624                                0.8648914720878582
0.215578125                                       0.8502118072952947                                0.790848825772905                                 0.86472960706032
0.2165625                                         0.8500112256153876                                0.7908481646685369                                0.8645680296769932
0.217546875                                       0.8498118446093215                                0.7908475083962533                                0.8644067399378772
0.21853125                                        0.8496136642770968                                0.7908468569560538                                0.864245737842971
0.219515625                                       0.849416684618713                                 0.7908462103479429                                0.8640850233922754
0.2205                                            0.8492209056341706                                0.7908455685719153                                0.8639245965857902
0.221484375                                       0.849026327323469                                 0.7908449316279743                                0.8637644574235163
0.22246875                                        0.8488329496866089                                0.7908442995161183                                0.863604605905453
0.223453125                                       0.8486407727235898                                0.7908436722363497                                0.8634450420316003
0.2244375                                         0.848449796434412                                 0.7908430497886663                                0.863285765801957
0.225421875                                       0.8482600208190754                                0.7908424321730689                                0.8631267772165259
0.22640625                                        0.8480714458775798                                0.7908418193895587                                0.8629680762753054
0.227390625                                       0.8478840716099252                                0.7908412114381327                                0.862809662978294
0.228375                                          0.8476978980161121                                0.790840608318794                                 0.8626515373254936
0.229359375                                       0.84751292509614                                  0.7908400100315379                                0.8624936993169039
0.23034375                                        0.8473291528500089                                0.7908394165763715                                0.8623361489525255
0.231328125                                       0.8471465812777192                                0.7908388279532869                                0.8621788862323573
0.2323125                                         0.8469647565478982                                0.790838242315445                                 0.8620219256390169
0.23329687500000001                               0.8467820028519815                                0.7908376528432026                                0.8618653206507194
0.23428125                                        0.8466002705907951                                0.7908370674736449                                0.8617090090264916
0.235265625                                       0.8464195597643382                                0.7908364862067637                                0.8615529907663333
0.23625000000000002                               0.8462398703726115                                0.7908359090425644                                0.8613972658702442
0.237234375                                       0.8460612024156144                                0.7908353359810425                                0.8612418343382232
0.23821875                                        0.8458835558933475                                0.7908347670222023                                0.8610866961702732
0.239203125                                       0.8457069308058105                                0.7908342021660412                                0.8609318513663923
0.2401875                                         0.8455313271530034                                0.7908336414125594                                0.8607772999265795
0.241171875                                       0.8453567449349264                                0.7908330847617563                                0.8606230418508368
0.24215625                                        0.8451831841515789                                0.7908325322136333                                0.8604690771391623
0.243140625                                       0.8450106448029615                                0.7908319837681901                                0.8603154057915583
0.244125                                          0.8448391268890743                                0.7908314394254277                                0.8601620278080231
0.245109375                                       0.8446686304099167                                0.7908308991853461                                0.8600089431885567
0.24609375                                        0.8444991553654893                                0.7908303630479434                                0.859856151933161
0.247078125                                       0.8443307017557915                                0.7908298310132192                                0.8597036540418325
0.2480625                                         0.8441632695808239                                0.790829303081174                                 0.859551449514575
0.249046875                                       0.843996858840586                                 0.7908287792518105                                0.859399538351386
0.25003125                                        0.8438314695350781                                0.7908282595251259                                0.8592479205522661
0.251015625                                       0.8436671016643                                   0.7908277439011214                                0.8590965961172158
0.252                                             0.8435037552282523                                0.7908272323797987                                0.8589455650462341
0.252984375                                       0.843341430226934                                 0.7908267249611515                                0.8587948273393217
0.25396875                                        0.8431801266603458                                0.7908262216451858                                0.8586443829964792
0.254953125                                       0.8430198445284875                                0.7908257224319019                                0.8584942320177059
0.2559375                                         0.8428605838313594                                0.7908252273212957                                0.8583443744030019
0.256921875                                       0.842702344568961                                 0.7908247363133684                                0.8581948101523658
0.25790625                                        0.8425451267412924                                0.7908242494081226                                0.8580455392658003
0.258890625                                       0.8423889303483538                                0.790823766605555                                 0.8578965617433033
0.259875                                          0.8422315532078097                                0.7908232790219178                                0.8577478116003164
0.260859375                                       0.8420741652382506                                0.7908227913767407                                0.8575993238914132
0.26184375                                        0.8419175823933918                                0.790822306961632                                 0.8574511230652245
0.262828125                                       0.8417618046732327                                0.7908218257765962                                0.8573032091217518
0.2638125                                         0.8416068320777739                                0.7908213478216285                                0.8571555820609957
0.264796875                                       0.8414526646070151                                0.790820873096733                                 0.8570082418829552
0.26578125                                        0.8412993022609561                                0.7908204016019078                                0.8568611885876303
0.266765625                                       0.8411467450395973                                0.7908199333371537                                0.8567144221750199
0.26775                                           0.8409949929429386                                0.7908194683024709                                0.8565679426451273
0.268734375                                       0.8408440459709796                                0.790819006497856                                 0.8564217499979488
0.26971875                                        0.8406939041237209                                0.790818547923314                                 0.8562758442334879
0.270703125                                       0.840544567401162                                 0.7908180925788431                                0.856130225351741
0.2716875                                         0.8403960358033034                                0.7908176404644405                                0.8559848933527118
0.272671875                                       0.8402483093301447                                0.790817191580111                                 0.8558398482363974
0.27365625                                        0.8401013879816861                                0.79081674592585                                  0.8556950900027975
0.274640625                                       0.8399552717579275                                0.7908163035016625                                0.855550618651915
0.275625                                          0.8398099606588687                                0.790815864307542                                 0.8554064341837473
0.276609375                                       0.8396654546845101                                0.7908154283434935                                0.8552625365982965
0.27759375000000003                               0.8395217538348516                                0.7908149956095185                                0.8551189258955606
0.278578125                                       0.8393788581098931                                0.7908145661056094                                0.8549756020755404
0.2795625                                         0.8392367675096346                                0.7908141398317731                                0.8548325651382366
0.28054687500000003                               0.8390954820340759                                0.7908137167880112                                0.8546898150836485
0.28153125                                        0.8389550016832175                                0.7908132969743139                                0.8545473519117756
0.282515625                                       0.838815326457059                                 0.7908128803906924                                0.8544051756226188
0.2835                                            0.8386764563556006                                0.7908124670371363                                0.8542632862161776
0.284484375                                       0.838538391378842                                 0.7908120569136513                                0.8541216836924524
0.28546875                                        0.8384011315267836                                0.7908116500202422                                0.8539803680514436
0.286453125                                       0.8382640618016481                                0.7908112438792793                                0.8538392736850909
0.2874375                                         0.838125955635463                                 0.7908108335493481                                0.8536982697429327
0.288421875                                       0.8379884850834944                                0.7908104257665809                                0.8535575346000858
0.28940625                                        0.8378516501457416                                0.7908100205309869                                0.8534170682565504
0.290390625                                       0.8377154508222047                                0.7908096178425614                                0.8532768707123256
0.291375                                          0.8375798871128839                                0.790809217701309                                 0.8531369419674114
0.292359375                                       0.837444959017779                                 0.7908088201072203                                0.8529972820218079
0.29334375                                        0.8373106665368901                                0.7908084250603085                                0.8528578908755156
0.294328125                                       0.8371770096702176                                0.7908080325605648                                0.8527187685285345
0.2953125                                         0.8370439884177607                                0.7908076426079891                                0.8525799149808645
0.296296875                                       0.8369116027795198                                0.790807255202585                                 0.8524413302325047
0.29728125                                        0.836779852755495                                 0.7908068703443512                                0.8523030142834557
0.298265625                                       0.8366487383456864                                0.7908064880332891                                0.8521649671337184
0.29925                                           0.8365182595500937                                0.7908061082693942                                0.852027188783292
0.300234375                                       0.8363884163687167                                0.7908057310526705                                0.8518896792321757
0.30121875                                        0.8362592088015561                                0.7908053563831199                                0.8517524384803706
0.302203125                                       0.8361306368486112                                0.7908049842607349                                0.8516154665278771
0.3031875                                         0.8360027005098825                                0.790804614685523                                 0.8514787633746937
0.304171875                                       0.8358753997853698                                0.7908042476574804                                0.8513423290208216
0.30515625                                        0.8357487346750729                                0.7908038831766079                                0.851206163466261
0.306140625                                       0.8356227051789924                                0.790803521242908                                 0.8510702667110104
0.307125                                          0.8354973112971276                                0.7908031618563736                                0.8509346387550707
0.308109375                                       0.8353725530294787                                0.7908028050170139                                0.850799279598442
0.30909375                                        0.8352484303760461                                0.7908024507248187                                0.8506641892411247
0.310078125                                       0.8351249433368293                                0.7908020989797988                                0.8505293676831184
0.3110625                                         0.8350020919118286                                0.7908017497819491                                0.8503948149244234
0.312046875                                       0.8348798761010439                                0.7908014031312648                                0.8502605309650377
0.31303125                                        0.834758295904475                                 0.7908010590277562                                0.850126515804964
0.314015625                                       0.8346359193880466                                0.7908007115065344                                0.8499925558524801
0.315                                             0.8345137088653374                                0.7908003645762229                                0.849858794649259
0.315984375                                       0.8343920074512086                                0.7908000196661077                                0.8497252833753758
0.31696875                                        0.8342708151456599                                0.7907996767761905                                0.849592022030832
0.317953125                                       0.8341501319486917                                0.7907993359064731                                0.8494590106156251
0.3189375                                         0.8340299578603041                                0.7907989970569484                                0.8493262491297582
0.319921875                                       0.8339102928804965                                0.7907986602276212                                0.849193737573229
0.32090625                                        0.8337911370092692                                0.7907983254184912                                0.8490614759460388
0.321890625                                       0.8336724902466224                                0.7907979926295579                                0.8489294642481875
0.322875                                          0.833554352592556                                 0.7907976618608206                                0.8487977024796739
0.323859375                                       0.8334367240470697                                0.7907973331122774                                0.848666190640499
0.32484375                                        0.8333196046101641                                0.7907970063839367                                0.848534928730663
0.325828125                                       0.8332029942818386                                0.7907966816757884                                0.8484039167501644
0.3268125                                         0.8330868930620934                                0.7907963589878364                                0.8482731546990052
0.327796875                                       0.8329713009509285                                0.7907960383200863                                0.8481426425771842
0.32878125                                        0.8328562179483439                                0.7907957196725283                                0.8480123803847024
0.329765625                                       0.83274164405434                                  0.7907954030451675                                0.8478823681215584
0.33075                                           0.8326275792689162                                0.7907950884380035                                0.8477526057877527
0.331734375                                       0.8325140235920725                                0.7907947758510373                                0.8476230933832863
0.33271875                                        0.8324009770238097                                0.7907944652842673                                0.8474938309081574
0.333703125                                       0.8322884395641268                                0.7907941567376946                                0.8473648183623682
0.3346875                                         0.8321764112130243                                0.7907938502113165                                0.8472360557459161
0.335671875                                       0.8320648919705023                                0.7907935457051376                                0.8471075430588035
0.33665625                                        0.8319538818365604                                0.7907932432191543                                0.8469792803010293
0.337640625                                       0.8318433808111991                                0.7907929427533654                                0.8468512674725935
0.338625                                          0.8317333888944178                                0.7907926443077784                                0.8467235045734965
0.339609375                                       0.8316239060862172                                0.7907923478823846                                0.8465959916037376
0.34059375000000003                               0.8315144888231081                                0.7907920515226744                                0.8464686625747772
0.341578125                                       0.831404657944113                                 0.7907917531172756                                0.8463414462022686
0.3425625                                         0.8312952424038977                                0.7907914563188861                                0.8462144658090509
0.34354687500000003                               0.8311862422024625                                0.7907911611275081                                0.8460877213951217
0.34453125                                        0.8310776573398075                                0.7907908675431397                                0.8459612129604822
0.345515625                                       0.8309694878159322                                0.7907905755657817                                0.8458349405051339
0.34650000000000003                               0.8308617336308373                                0.790790285195434                                 0.8457089040290743
0.347484375                                       0.8307543947845222                                0.7907899964320975                                0.8455831035323057
0.34846875                                        0.8306474712769871                                0.7907897092757686                                0.8454575390148252
0.349453125                                       0.8305409631082321                                0.7907894237264529                                0.8453322104766378
0.3504375                                         0.8304348702782569                                0.7907891397841461                                0.8452071179177375
0.351421875                                       0.8303291927870617                                0.7907888574488476                                0.8450822613381281
0.35240625                                        0.8302239306346468                                0.790788576720563                                 0.844957640737808
0.353390625                                       0.830119083821012                                 0.7907882975992868                                0.8448332561167785
0.354375                                          0.8300146523461569                                0.7907880200850245                                0.8447091074750378
0.355359375                                       0.8299106362100819                                0.7907877441777673                                0.8445851948125878
0.35634375                                        0.8298070354127871                                0.7907874698775226                                0.8444615181294279
0.357328125                                       0.8297038499542719                                0.7907871971842885                                0.8443380774255582
0.3583125                                         0.829601079834537                                 0.7907869260980634                                0.8442148727009772
0.359296875                                       0.8294987250535821                                0.7907866566188497                                0.844091903955687
0.36028125                                        0.8293967856114073                                0.7907863887466456                                0.8439691711896861
0.361265625                                       0.8292952615080122                                0.790786122481453                                 0.8438466744029751
0.36225                                           0.8291941527433975                                0.7907858578232702                                0.8437244135955544
0.363234375                                       0.8290934593175625                                0.7907855947720974                                0.8436023887674235
0.36421875                                        0.8289931812305076                                0.7907853333279327                                0.8434805999185825
0.365203125                                       0.8288933184822329                                0.7907850734907812                                0.8433590470490316
0.3661875                                         0.828793871072738                                 0.7907848152606387                                0.8432377301587696
0.367171875                                       0.8286948390020232                                0.7907845586375072                                0.8431166492477987
0.36815625                                        0.8285953492401157                                0.7907842995490824                                0.8429957007510119
0.369140625                                       0.8284960894641513                                0.7907840412030778                                0.8428749662456269
0.370125                                          0.8283971749814962                                0.7907837841373531                                0.8427544594102335
0.371109375                                       0.8282986057921509                                0.7907835283519052                                0.8426341802448309
0.37209375                                        0.828200381896115                                 0.7907832738467365                                0.8425141287494204
0.373078125                                       0.8281025032933884                                0.7907830206218475                                0.8423943049240016
0.3740625                                         0.8280049699839713                                0.7907827686772365                                0.8422747087685745
0.375046875                                       0.827907781967864                                 0.7907825180129051                                0.842155340283138
0.37603125                                        0.8278109392450659                                0.7907822686288524                                0.8420361994676938
0.377015625                                       0.8277144418155775                                0.7907820205250792                                0.8419172863222405
0.378                                             0.8276182896793984                                0.7907817737015832                                0.8417986008467802
0.378984375                                       0.8275224828365291                                0.7907815281583661                                0.8416801430413093
0.37996875                                        0.8274270212869692                                0.7907812838954301                                0.8415619129058325
0.380953125                                       0.8273319050307189                                0.7907810409127696                                0.8414439104403456
0.3819375                                         0.827237134067778                                 0.79078079921039                                  0.8413261356448509
0.382921875                                       0.8271427083981464                                0.7907805587882878                                0.8412085885193472
0.38390625                                        0.8270486280218243                                0.7907803196464664                                0.8410912690638351
0.384890625                                       0.826954892938812                                 0.7907800817849227                                0.8409741772783147
0.385875                                          0.8268615031491091                                0.7907798452036566                                0.840857313162786
0.386859375                                       0.8267684586527158                                0.7907796099026714                                0.8407406767172494
0.38784375                                        0.8266757594496319                                0.7907793758819649                                0.8406242679417043
0.388828125                                       0.8265834055398575                                0.7907791431415325                                0.8405080868361496
0.3898125                                         0.8264913969233927                                0.7907789116813846                                0.8403921334005873
0.390796875                                       0.8263997336002373                                0.7907786815015116                                0.8402764076350159
0.39178125                                        0.8263084155703915                                0.79077845260192                                  0.8401609095394362
0.392765625                                       0.8262174428338549                                0.7907782249826064                                0.8400456391138486
0.39375                                           0.826126815390628                                 0.7907779986435732                                0.8399305963582525
0.394734375                                       0.8260362237922052                                0.7907777720832333                                0.839815754962933
0.39571875                                        0.8259455105441686                                0.7907775445373532                                0.8397011015375104
0.396703125                                       0.82585508959061                                  0.790777318014582                                 0.8395866712760495
0.3976875                                         0.8257649609315294                                0.7907770925149102                                0.8394724641785504
0.398671875                                       0.8256751245669267                                0.7907768680383473                                0.8393584802450136
0.39965625                                        0.825585580496802                                 0.790776644584888                                 0.8392447194754384
0.40064062500000003                               0.8254963287211552                                0.7907764221545339                                0.839131181869825
0.401625                                          0.8254073692399864                                0.7907762007472833                                0.8390178674281743
0.402609375                                       0.8253187020532957                                0.7907759803631358                                0.8389047761504852
0.40359375000000003                               0.825230327161083                                 0.7907757610020937                                0.8387919080367573
0.404578125                                       0.8251422445633481                                0.7907755426641581                                0.8386792630869928
0.4055625                                         0.825054454260091                                 0.790775325349326                                 0.8385668413011891
0.40654687500000003                               0.8249669562513122                                0.7907751090575985                                0.8384546426793469
0.40753125                                        0.8248797505370113                                0.7907748937889756                                0.838342667221467
0.408515625                                       0.8247928371171884                                0.7907746795434576                                0.83823091492755
0.4095                                            0.8247062159918435                                0.7907744663210448                                0.838119385797595
0.410484375                                       0.8246198871609765                                0.7907742541217326                                0.8380080798316003
0.41146875                                        0.8245338506245874                                0.7907740429455276                                0.837896997029569
0.412453125                                       0.8244481063826761                                0.7907738327924273                                0.8377861373914985
0.4134375                                         0.8243626544352431                                0.7907736236624335                                0.8376755009173907
0.414421875                                       0.824277494782288                                 0.7907734155555415                                0.8375650876072447
0.41540625                                        0.8241926274238107                                0.7907732084717571                                0.8374548974610605
0.416390625                                       0.8241080523598117                                0.7907730024110702                                0.8373449304788385
0.417375                                          0.8240237695902903                                0.7907727973734958                                0.8372351866605783
0.418359375                                       0.8239397791152472                                0.7907725933590241                                0.8371256660062792
0.41934375                                        0.8238560809346818                                0.7907723903676559                                0.8370163685159435
0.420328125                                       0.8237726750485945                                0.7907721883993911                                0.8369072941895678
0.4213125                                         0.8236895614569852                                0.7907719874542329                                0.8367984430271563
0.422296875                                       0.8236061867417213                                0.7907717848116916                                0.8366897731990725
0.42328125                                        0.8235230403419931                                0.7907715828777505                                0.8365813216991568
0.424265625                                       0.8234401455877505                                0.7907713817670898                                0.8364730902907844
0.42525                                           0.8233575024789932                                0.7907711814797153                                0.8363650789739546
0.426234375                                       0.8232751110157215                                0.7907709820156203                                0.8362572877486685
0.42721875                                        0.8231929711979351                                0.790770783374809                                 0.8361497166149247
0.428203125                                       0.8231110830256343                                0.7907705855572804                                0.8360423655727239
0.4291875                                         0.823029446498819                                 0.7907703885630345                                0.835935234622065
0.430171875                                       0.8229480616174891                                0.7907701923920701                                0.8358283237629497
0.43115625                                        0.8228669283816448                                0.7907699970443918                                0.8357216329953768
0.432140625                                       0.8227860467912858                                0.7907698025199956                                0.8356151623193472
0.433125                                          0.8227054168464123                                0.7907696088188799                                0.8355089117348602
0.434109375                                       0.8226250385470242                                0.7907694159410475                                0.8354028812419163
0.43509375                                        0.8225449118931216                                0.7907692238864985                                0.8352970708405143
0.436078125                                       0.8224650368847046                                0.790769032655233                                 0.8351914805306563
0.4370625                                         0.822385413521773                                 0.7907688422472479                                0.8350861103123406
0.438046875                                       0.8223060418043269                                0.7907686526625501                                0.8349809601855674
0.43903125                                        0.8222269217323661                                0.7907684639011314                                0.8348760301503377
0.440015625                                       0.8221480533058909                                0.790768275962996                                 0.8347713202066497
0.441                                             0.822069436524901                                 0.7907680888481426                                0.8346668303545057
0.441984375                                       0.8219910713893968                                0.7907679025565759                                0.8345625605939039
0.44296875                                        0.8219129578993778                                0.7907677170882901                                0.8344585109248444
0.443953125                                       0.8218350960548446                                0.7907675324432842                                0.8343546813473299
0.4449375                                         0.8217574858557968                                0.790767348621564                                 0.8342510718613565
0.445921875                                       0.8216801273022343                                0.7907671656231247                                0.8341476824669263
0.44690625                                        0.8216030203941573                                0.7907669834479699                                0.8340445131640387
0.447890625                                       0.821526165131566                                 0.790766802096095                                 0.833941563952694
0.448875                                          0.8214493418158619                                0.7907666205042027                                0.8338388107405974
0.449859375                                       0.8213725245067036                                0.7907664385467387                                0.8337362506831132
0.45084375                                        0.8212959272471145                                0.7907662572596399                                0.8336339072523442
0.451828125                                       0.8212195500370951                                0.7907660766429033                                0.8335317804482874
0.4528125                                         0.8211433928766452                                0.7907658966965327                                0.8334298702709446
0.453796875                                       0.8210674557657647                                0.7907657174205242                                0.8333281767203158
0.45478125                                        0.8209917387044536                                0.7907655388148789                                0.8332266997964006
0.455765625                                       0.820916241692712                                 0.7907653608795987                                0.8331254394991987
0.45675                                           0.8208409647305399                                0.7907651836146822                                0.8330243958287111
0.457734375                                       0.8207659078179375                                0.7907650070201302                                0.8329235687849356
0.45871875                                        0.8206910709549042                                0.7907648310959411                                0.8328229583678751
0.459703125                                       0.8206164541414405                                0.790764655842115                                 0.8327225645775277
0.4606875                                         0.8205420573775464                                0.7907644812586547                                0.8326223874138939
0.461671875                                       0.8204678806632215                                0.7907643073455578                                0.8325224268769741
0.46265625                                        0.8203939239984663                                0.790764134102824                                 0.8324226829667676
0.46364062500000003                               0.8203201873832806                                0.7907639615304546                                0.8323231556832746
0.464625                                          0.8202466708176643                                0.7907637896284485                                0.8322238450264955
0.465609375                                       0.8201733743016173                                0.7907636183968034                                0.8321247509964301
0.46659375000000003                               0.8201002978351399                                0.7907634478355267                                0.8320258735930776
0.467578125                                       0.820027441418232                                 0.7907632779446103                                0.8319272128164389
0.4685625                                         0.8199548050508936                                0.7907631087240596                                0.8318287686665149
0.46954687500000003                               0.8198823887331246                                0.7907629401738727                                0.8317305411433034
0.47053125                                        0.819810192464925                                 0.7907627722940509                                0.8316325302468067
0.471515625                                       0.8197382162462952                                0.7907626050845921                                0.8315347359770224
0.47250000000000003                               0.8196664600772345                                0.7907624385454962                                0.8314371583339517
0.473484375                                       0.8195949239577436                                0.790762272676764                                 0.8313397973175956
0.47446875                                        0.8195236078878219                                0.7907621074783945                                0.8312426529279525
0.475453125                                       0.8194524993042682                                0.790761942892118                                 0.8311457227229753
0.4764375                                         0.8193812680347554                                0.79076177738641                                  0.831048942523433
0.477421875                                       0.8193102319113708                                0.7907616124355484                                0.830952374109848
0.47840625                                        0.8192393909341138                                0.7907614480395337                                0.8308560174822216
0.479390625                                       0.819168745102985                                 0.7907612841983653                                0.8307598726405516
0.480375                                          0.8190982944179841                                0.7907611209120523                                0.8306639395848393
0.481359375                                       0.8190280388791114                                0.7907609581805833                                0.8305682183150853
0.48234375                                        0.8189579784863663                                0.7907607960039632                                0.8304727088312884
0.483328125                                       0.818888113239749                                 0.790760634382192                                 0.8303774111334491
0.4843125                                         0.81881844313926                                  0.7907604733152657                                0.8302823252215669
0.485296875                                       0.8187489681848987                                0.7907603128031879                                0.8301874510956421
0.48628125                                        0.8186796883766654                                0.7907601528459606                                0.8300927887556753
0.487265625                                       0.8186106037145602                                0.7907599934435802                                0.8299983382016649
0.48825                                           0.8185417141985829                                0.7907598345960487                                0.8299040994336127
0.489234375                                       0.8184730198287333                                0.7907596763033643                                0.8298100724515187
0.49021875                                        0.8184045206050121                                0.7907595185655286                                0.8297162572553812
0.491203125                                       0.8183362165274184                                0.7907593613825412                                0.829622653845202
0.4921875                                         0.8182681075959528                                0.7907592047544013                                0.829529262220979
