% Time (s)                                        Temperature (K), Point: (0.5, 0.5)                Temperature (1), Top                Temperature (1), Bottom
0                                                 0.8953488389628839                                0.7909069767442131                                0.9999343283695017
9.84375E-4                                        0.8953493840063591                                0.7909069772409666                                0.9926411752950112
0.00196875                                        0.8953499042720015                                0.7909069781131082                                0.9897435970634643
0.002953125                                       0.8953502518574208                                0.790906979237113                                 0.9875912444565871
0.0039375                                         0.8953499960615878                                0.790906980433864                                 0.9856586173027515
0.004921875                                       0.8953483822016473                                0.7909069817503405                                0.9840995531496989
0.00590625                                        0.8953467683417067                                0.7909069830668173                                0.9825404889966448
0.006890625                                       0.8953447217250687                                0.7909069843807631                                0.9810086530088906
0.007875                                          0.8953385026671368                                0.7909069856703121                                0.9797393384838031
0.008859375                                       0.895332283609205                                 0.7909069869598618                                0.9784700239587163
0.00984375                                        0.8953260645512731                                0.7909069882494103                                0.9772007094336289
0.010828125000000001                              0.8953032252405062                                0.7909069880575264                                0.9761744230061781
0.0118125                                         0.8952782493482379                                0.7909069876751967                                0.9751793785425515
0.012796875                                       0.8952532734559693                                0.7909069872928671                                0.9741843340789237
0.01378125                                        0.8952282975637009                                0.7909069869105388                                0.973189289615296
0.014765625000000001                              0.8952033216714326                                0.7909069865282037                                0.9721942451516693
0.01575                                           0.8951783457791642                                0.790906986145877                                 0.9711992006880414
0.016734375                                       0.895142211740664                                 0.7909069835303897                                0.970279858397314
0.01771875                                        0.8950935117089416                                0.7909069783999756                                0.9694457697833037
0.018703125                                       0.8950448116772187                                0.7909069732695675                                0.9686116811692942
0.0196875                                         0.8949961116454961                                0.7909069681391561                                0.9677775925552844
0.020671875                                       0.8949474116137734                                0.7909069630087446                                0.9669435039412744
0.021656250000000002                              0.8948987115820508                                0.7909069578783333                                0.966109415327265
0.022640625                                       0.8948486694700124                                0.790906952247049                                 0.9652810419930986
0.023625                                          0.8947753743970275                                0.7909069379376558                                0.9645516919270883
0.024609375                                       0.8947020793240426                                0.7909069236282603                                0.9638223418610781
0.02559375                                        0.8946287842510576                                0.7909069093188681                                0.9630929917950674
0.026578125                                       0.8945554891780729                                0.7909068950094709                                0.9623636417290576
0.0275625                                         0.894482194105088                                 0.7909068807000784                                0.9616342916630477
0.028546875                                       0.8944088990321031                                0.7909068663906847                                0.9609049415970374
0.029531250000000002                              0.894329549654824                                 0.7909068477301247                                0.9601946377852743
0.030515625                                       0.8942445753688251                                0.7909068250270014                                0.9595020293909176
0.0315                                            0.8941569141594292                                0.7909068003928145                                0.9588178737970289
0.032484375                                       0.8940665660266358                                0.7909067738275624                                0.9581421710036075
0.03346875                                        0.8939735309704453                                0.7909067453312485                                0.9574749210106528
0.034453125                                       0.8938778089908574                                0.7909067149038712                                0.9568161238181648
0.0354375                                         0.8937794000878723                                0.7909066825454283                                0.9561657794261448
0.036421875                                       0.8936783042614902                                0.790906648255922                                 0.9555238878345914
0.03740625                                        0.8935745215117106                                0.7909066120353513                                0.9548904490435048
0.038390625                                       0.8934680518385338                                0.7909065738837188                                0.9542654630528858
0.039375                                          0.89335889524196                                  0.7909065338010205                                0.9536489298627344
0.040359375                                       0.8932470517219888                                0.7909064917872581                                0.9530408494730495
0.04134375                                        0.8931325212786203                                0.7909064478424327                                0.9524412218838323
0.042328125                                       0.8930149500598383                                0.7909063958404364                                0.9518456941904654
0.043312500000000004                              0.8928945493619256                                0.7909063394393664                                0.9512568656506123
0.044296875                                       0.8927713974644353                                0.7909062799944396                                0.9506756992188778
0.04528125                                        0.8926454943673674                                0.7909062175056628                                0.9501021948952624
0.046265625                                       0.8925168400707222                                0.7909061519730315                                0.9495363526797663
0.04725                                           0.8923854345744995                                0.7909060833965489                                0.948978172572389
0.048234375                                       0.8922512778786991                                0.7909060117762114                                0.9484276545731307
0.04921875                                        0.8921143699833214                                0.7909059371120188                                0.9478847986819905
0.050203125                                       0.891974710888366                                 0.790905859403977                                 0.9473496048989691
0.0511875                                         0.8918323005938331                                0.7909057786520823                                0.9468220732240665
0.052171875                                       0.8916871390997227                                0.7909056948563336                                0.9463022036572827
0.05315625                                        0.8915392264060351                                0.7909056080167316                                0.9457899961986184
0.054140625                                       0.8913885625127698                                0.790905518133277                                 0.9452854508480732
0.055125                                          0.8912396191204854                                0.7909054185094704                                0.9447726051515628
0.056109375                                       0.8910886913986167                                0.7909053146933982                                0.9442646840974361
0.05709375                                        0.8909356762998994                                0.7909052068393858                                0.9437620555294715
0.058078125                                       0.8907805738243337                                0.7909050949474207                                0.9432647194476687
0.059062500000000004                              0.8906233839719193                                0.7909049790175138                                0.9427726758520266
0.060046875                                       0.8904641067426562                                0.790904859049657                                 0.9422859247425458
0.06103125                                        0.8903027421365446                                0.7909047350438559                                0.9418044661192281
0.062015625                                       0.8901392901535843                                0.7909046070001087                                0.9413282999820699
0.063                                             0.8899737507937755                                0.7909044749184154                                0.9408574263310745
0.063984375                                       0.8898061240571182                                0.7909043387987753                                0.9403918451662406
0.06496875                                        0.8896364099436123                                0.7909041986411881                                0.9399315564875688
0.065953125                                       0.8894646084532576                                0.790904054445655                                 0.9394765602950574
0.0669375                                         0.889291387401079                                 0.7909039057916191                                0.9390253626680054
0.067921875                                       0.8891204494870202                                0.7909037503473223                                0.9385696805641031
0.06890625                                        0.8889481378408988                                0.7909035904156613                                0.9381176945032119
0.069890625                                       0.888774452462715                                 0.7909034259966397                                0.9376694044853346
0.070875                                          0.888599393352469                                 0.7909032570902566                                0.9372248105104694
0.071859375                                       0.8884229605101606                                0.7909030836965091                                0.9367839125786158
0.07284375                                        0.8882451539357898                                0.7909029058154009                                0.9363467106897756
0.073828125                                       0.8880659736293568                                0.7909027234469321                                0.9359132048439481
0.0748125                                         0.8878854195908612                                0.7909025365911008                                0.935483395041133
0.075796875                                       0.8877034918203035                                0.7909023452479086                                0.9350572812813306
0.07678125                                        0.8875201903176835                                0.7909021494173553                                0.9346348635645398
0.077765625                                       0.8873355150830009                                0.7909019490994366                                0.934216141890763
0.07875                                           0.887149466116256                                 0.7909017442941573                                0.9338011162599975
0.079734375                                       0.8869632129607128                                0.79090153531438                                  0.9333878091254281
0.08071875                                        0.8867785300464572                                0.7909013226347802                                0.9329732201546382
0.081703125                                       0.8865930424714099                                0.7909011056200462                                0.9325613650007384
0.0826875                                         0.8864067502355715                                0.7909008842701826                                0.9321522436637275
0.083671875                                       0.8862196533389413                                0.7909006585851891                                0.9317458561436074
0.08465625                                        0.8860317517815195                                0.7909004285650637                                0.9313422024403771
0.085640625                                       0.8858430455633064                                0.7909001942098095                                0.930941282554037
0.08662500000000001                               0.8856535346843013                                0.7908999555194257                                0.9305430964845871
0.087609375                                       0.8854632191445051                                0.7908997124939093                                0.9301476442320267
0.08859375                                        0.8852720989439171                                0.790899465133264                                 0.9297549257963557
0.089578125                                       0.8850801740825376                                0.790899213437486                                 0.9293649411775753
0.0905625                                         0.8848874445603667                                0.7908989574065811                                0.9289776903756849
0.091546875                                       0.8846939103774045                                0.7908986970405422                                0.9285931733906846
0.09253125                                        0.8845008427244574                                0.7908984342560827                                0.9282094741390291
0.093515625                                       0.8843086349202554                                0.7908981696462513                                0.9278259997659382
0.0945                                            0.8841160193350963                                0.7908979012997059                                0.9274446609872542
0.095484375                                       0.8839229959689807                                0.7908976292164479                                0.9270654578029774
0.09646875                                        0.8837295648219081                                0.7908973533964802                                0.9266883902131067
0.097453125                                       0.8835357258938787                                0.7908970738397937                                0.9263134582176457
0.0984375                                         0.8833414791848926                                0.7908967905464002                                0.9259406618165901
0.099421875                                       0.8831468246949497                                0.7908965035162906                                0.9255700010099406
0.10040625                                        0.8829517624240497                                0.7908962127494709                                0.9252014757977
0.101390625                                       0.8827562923721928                                0.7908959182459353                                0.9248350861798657
0.102375                                          0.8825604145393795                                0.7908956200056892                                0.9244708321564378
0.103359375                                       0.882364128925609                                 0.7908953180287285                                0.924108713727418
0.10434375                                        0.8821674355308817                                0.7908950123150592                                0.9237487308928053
0.105328125                                       0.8819714816560258                                0.790894706419902                                 0.9233891457955753
0.1063125                                         0.8817759547879764                                0.7908943993748556                                0.9230304318102862
0.107296875                                       0.8815802821319365                                0.7908940894049517                                0.92267345656942
0.10828125                                        0.8813844636879065                                0.7908937765101938                                0.9223182200729743
0.109265625                                       0.8811884994558858                                0.7908934606905808                                0.9219647223209497
0.11025                                           0.8809923894358749                                0.7908931419461136                                0.9216129633133473
0.111234375                                       0.8807961336278736                                0.7908928202767893                                0.9212629430501669
0.11221875                                        0.8805997320318819                                0.7908924956826143                                0.9209146615314073
0.113203125                                       0.8804031846478997                                0.7908921681635787                                0.9205681187570673
0.1141875                                         0.8802064914759273                                0.7908918377196927                                0.9202233147271507
0.115171875                                       0.8800096525159642                                0.7908915043509506                                0.9198802494416553
0.11615625                                        0.8798126677680111                                0.7908911680573498                                0.9195389229005811
0.117140625                                       0.8796155372320675                                0.7908908288388965                                0.9191993351039291
0.11812500000000001                               0.8794192218885526                                0.7908904913167735                                0.9188599261941495
0.119109375                                       0.8792231308217728                                0.7908901526493683                                0.9185216553419884
0.12009375                                        0.8790270660722239                                0.7908898118847326                                0.9181848438741048
0.121078125                                       0.8788310276399063                                0.7908894690228634                                0.9178494917904984
0.1220625                                         0.8786350155248193                                0.790889124063764                                 0.9175155990911688
0.123046875                                       0.8784390297269629                                0.7908887770074325                                0.9171831657761174
0.12403125                                        0.8782430702463377                                0.7908884278538685                                0.9168521918453424
0.125015625                                       0.8780471370829435                                0.7908880766030733                                0.9165226772988453
0.126                                             0.8778512302367802                                0.7908877232550486                                0.9161946221366237
0.126984375                                       0.8776553497078479                                0.7908873678097885                                0.9158680263586808
0.12796875                                        0.8774594954961463                                0.7908870102672988                                0.915542889965015
0.128953125                                       0.8772636676016756                                0.7908866506275769                                0.9152192129556258
0.1299375                                         0.877067866024436                                 0.7908862888906216                                0.9148969953305148
0.130921875                                       0.8768728768363963                                0.7908859300121679                                0.9145748367362541
0.13190625                                        0.8766780391727653                                0.7908855698258389                                0.9142539144750638
0.132890625                                       0.876483343143416                                 0.7908852082692882                                0.9139342461657833
0.133875                                          0.8762887887483481                                0.790884845342513                                 0.91361583180841
0.134859375                                       0.8760943759875617                                0.7908844810455113                                0.9132986714029445
0.13584375                                        0.8759001048610568                                0.7908841153782868                                0.9129827649493885
0.136828125                                       0.8757059753688337                                0.7908837483408364                                0.912668112447739
0.1378125                                         0.8755119875108917                                0.7908833799331624                                0.9123547138979984
0.13879687500000001                               0.8753181412872315                                0.7908830101552684                                0.9120425693001658
0.13978125                                        0.8751244366978526                                0.7908826390071454                                0.9117316786542403
0.140765625                                       0.8749308737427552                                0.7908822664887989                                0.9114220419602244
0.14175                                           0.8747374524219396                                0.7908818926002275                                0.9111136592181164
0.142734375                                       0.8745442522236342                                0.7908815179296129                                0.9108063736403316
0.14371875                                        0.8743516722706                                   0.7908811454302833                                0.9104993979720252
0.144703125                                       0.8741593128813538                                0.7908807721447693                                0.9101935205701014
0.1456875                                         0.8739671740558959                                0.7908803980730772                                0.9098887414345613
0.146671875                                       0.8737752557942262                                0.7908800232152042                                0.909585060565403
0.14765625                                        0.8735835580963447                                0.7908796475711481                                0.9092824779626285
0.148640625                                       0.8733920809622513                                0.7908792711409165                                0.9089809936262367
0.149625                                          0.873200824391946                                 0.7908788939245013                                0.9086806075562276
0.150609375                                       0.8730097883854291                                0.790878515921904                                 0.9083813197526018
0.15159375                                        0.8728189729427                                   0.7908781371331272                                0.9080831302153581
0.152578125                                       0.8726283780637596                                0.7908777575581698                                0.9077860389444975
0.1535625                                         0.872438003748607                                 0.7908773771970314                                0.9074900459400197
0.154546875                                       0.872247849997243                                 0.790876996049713                                 0.9071951512019261
0.15553125                                        0.8720580327654828                                0.7908766150619618                                0.9069010982392083
0.156515625                                       0.8718687145598727                                0.7908762355592018                                0.9066075275919522
0.1575                                            0.871679671400718                                 0.7908758557146345                                0.9063149346969511
0.158484375                                       0.8714909032880185                                0.790875475528248                                 0.9060233195542042
0.15946875                                        0.8713024102217741                                0.7908750950000514                                0.9057326821637117
0.160453125                                       0.8711141922019854                                0.7908747141300413                                0.9054430225254729
0.1614375                                         0.8709262492286518                                0.7908743329182163                                0.9051543406394893
0.162421875                                       0.8707385813017734                                0.7908739513645799                                0.9048666365057596
0.16340625                                        0.8705511884213506                                0.7908735694691283                                0.9045799101242824
0.164390625                                       0.8703640705873827                                0.7908731872318626                                0.9042941614950614
0.165375                                          0.8701772277998705                                0.7908728046527848                                0.9040093906180939
0.166359375                                       0.8699906600588134                                0.7908724217318953                                0.9037255974933804
0.16734375                                        0.8698043673642117                                0.7908720384691895                                0.9034427821209214
0.168328125                                       0.8696184717919551                                0.7908716559378474                                0.903160633690447
0.1693125                                         0.8694330050711079                                0.7908712744167982                                0.9028790714184474
0.17029687500000001                               0.869247850638607                                 0.7908708928813346                                0.9025983920793058
0.17128125                                        0.8690630084944524                                0.7908705113314514                                0.9023185956730215
0.172265625                                       0.8688784786386443                                0.790870129767148                                 0.9020396821995952
0.17325000000000002                               0.8686942610711825                                0.7908697481884297                                0.9017616516590266
0.174234375                                       0.8685103557920673                                0.79086936659529                                  0.9014845040513169
0.17521875                                        0.8683267628012983                                0.7908689849877328                                0.9012082393764639
0.176203125                                       0.8681434820988758                                0.7908686033657585                                0.9009328576344693
0.1771875                                         0.8679605136847997                                0.7908682217293669                                0.9006583588253315
0.178171875                                       0.8677778575590698                                0.7908678400785577                                0.9003847429490521
0.17915625                                        0.8675955137216866                                0.7908674584133302                                0.9001120100056317
0.180140625                                       0.8674134821726496                                0.7908670767336858                                0.8998401599950684
0.181125                                          0.8672318728940118                                0.790866696093965                                 0.8995688557745531
0.182109375                                       0.8670506529215305                                0.7908663161781603                                0.8992981983938232
0.18309375                                        0.8668697699196546                                0.7908659364845535                                0.899028348284096
0.184078125                                       0.8666892238883839                                0.7908655570131443                                0.8987593054453712
0.1850625                                         0.8665090148277192                                0.7908651777639334                                0.8984910698776486
0.186046875                                       0.8663291427376596                                0.7908647987369234                                0.8982236415809286
0.18703125                                        0.8661496076182056                                0.7908644199321124                                0.8979570205552115
0.188015625                                       0.8659704094693572                                0.7908640413495                                   0.8976912068004963
0.189                                             0.8657915482911143                                0.7908636629890846                                0.897426200316784
0.189984375                                       0.8656130240834767                                0.7908632848508684                                0.8971620011040741
0.19096875                                        0.8654348368464448                                0.7908629069348507                                0.8968986091623671
0.191953125                                       0.8652569865800182                                0.7908625292410318                                0.8966360244916616
0.1929375                                         0.8650794732841973                                0.7908621517694127                                0.896374247091959
0.193921875                                       0.8649023841233539                                0.7908617754749687                                0.8961129303933959
0.19490625                                        0.8647256639902385                                0.7908613997539385                                0.8958522935051242
0.195890625                                       0.8645492962215497                                0.7908610244237663                                0.8955924026812604
0.196875                                          0.8643732808172877                                0.7908606494844461                                0.8953332579218037
0.197859375                                       0.8641976177774522                                0.790860274935981                                 0.8950748592267533
0.19884375                                        0.864022307102043                                 0.7908599007783716                                0.8948172065961105
0.199828125                                       0.8638473487910603                                0.7908595270116122                                0.8945603000298746
0.2008125                                         0.8636727428445043                                0.7908591536357098                                0.8943041395280455
0.20179687500000001                               0.8634984892623749                                0.7908587806506601                                0.8940487250906239
0.20278125                                        0.8633245880446718                                0.790858408056465                                 0.893794056717609
0.203765625                                       0.8631510391913952                                0.7908580358531254                                0.893540134409001
0.20475                                           0.8629778427025454                                0.7908576640406351                                0.8932869581648002
0.205734375                                       0.8628049985781219                                0.7908572926190023                                0.8930345279850053
0.20671875                                        0.8626325654638063                                0.7908569224054097                                0.8927824974781177
0.207703125                                       0.8624604933544764                                0.7908565527030724                                0.8925311620000572
0.2086875                                         0.8622887821125689                                0.7908561835100768                                0.8922805223633461
0.209671875                                       0.8621174317380833                                0.790855814826415                                 0.8920305785679846
0.21065625                                        0.8619464422310199                                0.7908554466520927                                0.8917813306139742
0.211640625                                       0.8617758135913784                                0.7908550789871059                                0.8915327785013136
0.212625                                          0.8616055458191589                                0.7908547118314582                                0.8912849222300028
0.213609375                                       0.8614356389143616                                0.7908543451851467                                0.8910377618000432
0.21459375                                        0.8612660928769864                                0.790853979048172                                 0.8907912972114325
0.215578125                                       0.8610969077070332                                0.7908536134205396                                0.8905455284641718
0.2165625                                         0.8609280834045021                                0.7908532483022397                                0.8903004555582615
0.217546875                                       0.860759619969393                                 0.7908528836932791                                0.8900560784937006
0.21853125                                        0.8605915210782644                                0.7908525196816267                                0.8898123521466894
0.219515625                                       0.8604238035193732                                0.7908521566689792                                0.8895690704685759
0.2205                                            0.8602564502368764                                0.7908517942472424                                0.8893264427921996
0.221484375                                       0.8600894612307739                                0.790851432416408                                 0.8890844691175628
0.22246875                                        0.8599228365010656                                0.7908510711764783                                0.888843149444664
0.223453125                                       0.8597565760477515                                0.7908507105274566                                0.8886024837735025
0.2244375                                         0.8595906798708317                                0.7908503504693357                                0.8883624721040801
0.225421875                                       0.8594251479703063                                0.7908499910021254                                0.8881231144363967
0.22640625                                        0.8592599803461751                                0.7908496321258169                                0.8878844107704508
0.227390625                                       0.8590951769984383                                0.790849273840413                                 0.8876463611062431
0.228375                                          0.8589307379270958                                0.790848916145918                                 0.8874089654437753
0.229359375                                       0.8587666631321473                                0.790848559042326                                 0.8871722237830446
0.23034375                                        0.8586029526135934                                0.7908482025296429                                0.886936136124053
0.231328125                                       0.8584396056451367                                0.7908478467276119                                0.8867006244964797
0.2323125                                         0.8582766212875161                                0.7908474917910997                                0.8864655880676394
0.23329687500000001                               0.8581140008763879                                0.7908471374998894                                0.8862311702244697
0.23428125                                        0.8579517444117515                                0.7908467838539784                                0.8859973709669693
0.235265625                                       0.8577898518936071                                0.7908464308533647                                0.8857641902951378
0.23625000000000002                               0.8576283233219546                                0.7908460784980493                                0.885531628208977
0.237234375                                       0.8574671586967941                                0.7908457267880339                                0.8852996847084844
0.23821875                                        0.8573063580181259                                0.790845375723318                                 0.8850683597936642
0.239203125                                       0.8571459212859498                                0.7908450253039001                                0.8848376534645118
0.2401875                                         0.8569858485002655                                0.7908446755297817                                0.8846075657210297
0.241171875                                       0.8568261396610732                                0.7908443264009641                                0.884378096563218
0.24215625                                        0.8566667947683728                                0.7908439779174428                                0.8841492459910752
0.243140625                                       0.8565078138221647                                0.7908436300792202                                0.8839210140046014
0.244125                                          0.8563491866034334                                0.7908432830015694                                0.8836932984289577
0.245109375                                       0.8561909109401187                                0.7908429367089878                                0.8834660775467928
0.24609375                                        0.8560329961755677                                0.790842591096083                                 0.8832394447775768
0.247078125                                       0.8558754423097801                                0.7908422461628533                                0.8830134001213115
0.2480625                                         0.8557182493427558                                0.7908419019093047                                0.882787943577997
0.249046875                                       0.855561417274495                                 0.7908415583354321                                0.8825630751476313
0.25003125                                        0.8554049461049975                                0.7908412154412374                                0.8823387948302164
0.251015625                                       0.8552488358342636                                0.7908408732267175                                0.8821151026257512
0.252                                             0.8550930864622934                                0.7908405316918795                                0.8818919985342368
0.252984375                                       0.8549376979890864                                0.7908401908367135                                0.8816694825556718
0.25396875                                        0.8547826704146431                                0.7908398506612272                                0.8814475546900572
0.254953125                                       0.8546280037389631                                0.7908395111654212                                0.8812262149373926
0.2559375                                         0.8544736979620464                                0.7908391723492876                                0.881005463297678
0.256921875                                       0.8543197304248751                                0.7908388343018855                                0.880785178984502
0.25790625                                        0.8541661085182606                                0.7908384969941682                                0.8805654013954063
0.258890625                                       0.8540128425115303                                0.7908381603857738                                0.8803461852721816
0.259875                                          0.8538599324046845                                0.7908378244767046                                0.8801275306148291
0.260859375                                       0.8537073781977234                                0.7908374892669606                                0.879909437423346
0.26184375                                        0.8535551798906467                                0.7908371547565376                                0.8796919056977334
0.262828125                                       0.8534033374834542                                0.790836820945438                                 0.8794749354379923
0.2638125                                         0.8532518509761462                                0.7908364878336639                                0.8792585266441225
0.264796875                                       0.8531007203687226                                0.7908361554212107                                0.8790426793161225
0.26578125                                        0.8529499456611835                                0.7908358237080856                                0.8788273934539932
0.266765625                                       0.8527995268535289                                0.7908354926942807                                0.8786126690577349
0.26775                                           0.8526494639457585                                0.790835162379797                                 0.8783985061273486
0.268734375                                       0.8524997569378727                                0.7908348327646435                                0.8781849046628303
0.26971875                                        0.8523503692221317                                0.7908345038995063                                0.8779717288047814
0.270703125                                       0.8522013245602076                                0.7908341757514812                                0.8777590667380095
0.2716875                                         0.852052629421657                                 0.790833848311615                                 0.8775469424724713
0.272671875                                       0.851904283806481                                 0.7908335215798975                                0.8773353560081651
0.27365625                                        0.8517562877146792                                0.7908331955563404                                0.877124307345094
0.274640625                                       0.8516086411462513                                0.7908328702409324                                0.8769137964832548
0.275625                                          0.8514613441011973                                0.7908325456336838                                0.876703823422649
0.276609375                                       0.8513143965795178                                0.7908322217345846                                0.8764943881632768
0.27759375000000003                               0.851167798581212                                 0.7908318985436418                                0.8762854907051378
0.278578125                                       0.8510215501062806                                0.7908315760608516                                0.8760771310482313
0.2795625                                         0.8508756511547233                                0.7908312542862164                                0.875869309192559
0.28054687500000003                               0.8507301017265401                                0.7908309332197333                                0.8756620251381206
0.28153125                                        0.8505849014295681                                0.7908306128614586                                0.8754552777438274
0.282515625                                       0.8504400003181631                                0.7908302932176974                                0.8752489216814556
0.2835                                            0.8502954414035515                                0.7908299742830175                                0.8750430821019627
0.284484375                                       0.8501512246857337                                0.7908296560574162                                0.8748377590053502
0.28546875                                        0.8500073501647094                                0.7908293385408957                                0.8746329523916154
0.286453125                                       0.8498638178404789                                0.7908290217334536                                0.8744286622607603
0.2874375                                         0.8497206277130418                                0.7908287056350948                                0.8742248886127838
0.288421875                                       0.8495777797823982                                0.7908283902458151                                0.8740216314476871
0.28940625                                        0.8494352740485485                                0.7908280755656141                                0.8738188907654691
0.290390625                                       0.8492931105114923                                0.7908277615944937                                0.8736166665661304
0.291375                                          0.8491512891712296                                0.7908274483324537                                0.8734149588496705
0.292359375                                       0.8490098100277605                                0.7908271357794944                                0.8732137676160896
0.29334375                                        0.8488686730810853                                0.7908268239356167                                0.8730130928653873
0.294328125                                       0.8487278691782403                                0.7908265127952819                                0.87281291222713
0.2953125                                         0.8485873601760485                                0.7908262023354404                                0.872613132476918
0.296296875                                       0.8484471854117499                                0.7908258925798664                                0.8724138497575176
0.29728125                                        0.8483073448853449                                0.7908255835285607                                0.8722150640689273
0.298265625                                       0.8481678385968332                                0.7908252751815255                                0.8720167754111485
0.29925                                           0.8480286665462144                                0.7908249675387544                                0.8718189837841807
0.300234375                                       0.8478898287334893                                0.7908246606002555                                0.8716216891880232
0.30121875                                        0.8477513251586575                                0.7908243543660265                                0.8714248916226771
0.302203125                                       0.8476131558217188                                0.7908240488360659                                0.871228591088142
0.3031875                                         0.8474753207226733                                0.7908237440103729                                0.8710327875844177
0.304171875                                       0.8473378198615213                                0.7908234398889512                                0.8708374811115043
0.30515625                                        0.8472006532382625                                0.790823136471796                                 0.8706426716694012
0.306140625                                       0.8470638208528971                                0.7908228337589114                                0.8704483592581089
0.307125                                          0.8469273036966358                                0.7908225317299739                                0.8702545030465543
0.308109375                                       0.8467910791149973                                0.790822230360756                                 0.8700610543726793
0.30909375                                        0.8466551804154303                                0.7908219296868743                                0.8698680847812222
0.310078125                                       0.8465196075979349                                0.7908216297083248                                0.8696755942721879
0.3110625                                         0.8463843606625108                                0.7908213304251155                                0.8694835828455729
0.312046875                                       0.8462494396091582                                0.790821031837236                                 0.8692920505013776
0.31303125                                        0.8461148444378774                                0.7908207339446933                                0.869100997239603
0.314015625                                       0.845980575148668                                 0.7908204367474879                                0.868910423060248
0.315                                             0.8458466317415301                                0.7908201402456151                                0.868720327963313
0.315984375                                       0.8457130142164635                                0.79081984443908                                  0.8685307119487985
0.31696875                                        0.8455797225734689                                0.7908195493278755                                0.8683415750167038
0.317953125                                       0.8454467568125454                                0.7908192549120101                                0.8681529171670299
0.3189375                                         0.8453141169336937                                0.7908189611914787                                0.8679647383997756
0.319921875                                       0.8451817735265892                                0.7908186681256422                                0.8677769813980053
0.32090625                                        0.8450497216741493                                0.7908183757077071                                0.8675896365789566
0.321890625                                       0.8449179871248074                                0.7908180839732523                                0.8674027541230134
0.322875                                          0.8447865698785639                                0.7908177929222795                                0.8672163340301761
0.323859375                                       0.8446554699354185                                0.7908175025547872                                0.8670303763004433
0.32484375                                        0.8445246872953711                                0.7908172128707748                                0.8668448809338154
0.325828125                                       0.8443942219584222                                0.7908169238702449                                0.866659847930294
0.3268125                                         0.8442640739245713                                0.7908166355531911                                0.8664752772898772
0.327796875                                       0.8441342431938186                                0.7908163479196223                                0.8662911690125659
0.32878125                                        0.8440047297661639                                0.7908160609695344                                0.8661075230983595
0.329765625                                       0.8438755336416075                                0.7908157747029245                                0.8659243395472582
0.33075                                           0.8437466548201493                                0.790815489119798                                 0.8657416183592632
0.331734375                                       0.8436180933017894                                0.79081520422015                                  0.8655593595343726
0.33271875                                        0.8434898090988603                                0.7908149199399959                                0.8653774907033821
0.333703125                                       0.8433618162784768                                0.7908146363018438                                0.8651960373247891
0.3346875                                         0.8432341320867811                                0.7908143533332926                                0.8650150306104563
0.335671875                                       0.8431067565237729                                0.7908140710343415                                0.8648344705603834
0.33665625                                        0.8429796895894524                                0.7908137894049931                                0.8646543571745713
0.337640625                                       0.8428529312838196                                0.7908135084452411                                0.8644746904530186
0.338625                                          0.8427264816068742                                0.7908132281550896                                0.8642954703957263
0.339609375                                       0.8426003405586167                                0.7908129485345388                                0.8641166970026938
0.34059375000000003                               0.8424745081390468                                0.7908126695835883                                0.8639383702739216
0.341578125                                       0.8423489843481646                                0.7908123913022362                                0.8637604902094089
0.3425625                                         0.8422237691859698                                0.7908121136904854                                0.8635830568091568
0.34354687500000003                               0.8420988626524628                                0.7908118367483361                                0.8634060700731653
0.34453125                                        0.8419742647476434                                0.7908115604757857                                0.8632295300014331
0.345515625                                       0.8418499249751985                                0.7908112847841245                                0.863053350241404
0.34650000000000003                               0.8417258769417366                                0.7908110097323927                                0.8628775882629476
0.347484375                                       0.8416021288604447                                0.7908107353350189                                0.8627022581112431
0.34846875                                        0.8414786807313233                                0.7908104615920007                                0.8625273597862905
0.349453125                                       0.841355532554372                                 0.7908101885033425                                0.8623528932880894
0.3504375                                         0.841232684329591                                 0.7908099160690396                                0.8621788586166395
0.351421875                                       0.8411101360569804                                0.7908096442890942                                0.8620052557719429
0.35240625                                        0.8409878877365398                                0.7908093731635105                                0.861832084753997
0.353390625                                       0.8408659393682694                                0.7908091026922797                                0.8616593455628029
0.354375                                          0.8407442909521694                                0.7908088328754056                                0.8614870381983594
0.355359375                                       0.8406229424882397                                0.7908085637128907                                0.8613151626606694
0.35634375                                        0.8405018939764799                                0.7908082952047348                                0.861143718949731
0.357328125                                       0.8403811443547455                                0.7908080273489476                                0.8609727053265535
0.3583125                                         0.8402606360307894                                0.7908077600377653                                0.8608020274986249
0.359296875                                       0.8401404190480601                                0.7908074933648278                                0.8606317673992406
0.36028125                                        0.8400204934065578                                0.7908072273301365                                0.8604619250283998
0.361265625                                       0.8399008591062824                                0.7908069619336904                                0.8602925003861013
0.36225                                           0.8397815161472342                                0.7908066971754906                                0.8601234934723465
0.363234375                                       0.8396624645294124                                0.7908064330555333                                0.859954904287136
0.36421875                                        0.839543704252818                                 0.7908061695738212                                0.8597867328304689
0.365203125                                       0.8394252353174503                                0.7908059067303527                                0.8596189791023444
0.3661875                                         0.8393070577233095                                0.7908056445251334                                0.8594516431027648
0.367171875                                       0.8391891714703956                                0.7908053829581566                                0.8592847248317277
0.36815625                                        0.8390715765587089                                0.7908051220294249                                0.8591182242892358
0.369140625                                       0.8389542729882489                                0.7908048617389407                                0.8589521414752864
0.370125                                          0.8388372503786341                                0.7908046020663932                                0.8587864599544804
0.371109375                                       0.8387204691341164                                0.7908043429343452                                0.8586211170343316
0.37209375                                        0.8386039707340198                                0.7908040844239278                                0.8584561783896192
0.373078125                                       0.8384877551783443                                0.7908038265351361                                0.8582916440203406
0.3740625                                         0.8383718224670897                                0.7908035692679686                                0.8581275139264981
0.375046875                                       0.8382561726002562                                0.7908033126224269                                0.8579637881080913
0.37603125                                        0.8381408055778441                                0.7908030565985135                                0.8578004665651197
0.377015625                                       0.8380257213998525                                0.7908028011962255                                0.8576375492975823
0.378                                             0.8379109200662824                                0.7908025464155636                                0.857475036305481
0.378984375                                       0.8377964015771331                                0.7908022922565303                                0.8573129275888155
0.37996875                                        0.837682165932405                                 0.7908020387191188                                0.8571512231475834
0.380953125                                       0.8375682131320978                                0.7908017858033374                                0.8569899229817873
0.3819375                                         0.8374545431762117                                0.7908015335091781                                0.8568290270914272
0.382921875                                       0.8373411364595302                                0.7908012817970634                                0.8566685052260953
0.38390625                                        0.8372279714840927                                0.7908010306235789                                0.8565083242149258
0.384890625                                       0.8371150810047361                                0.79080078005486                                  0.8563485345978914
0.385875                                          0.8370024650214607                                0.7908005300909073                                0.856189136374992
0.386859375                                       0.8368901235342663                                0.7908002807317276                                0.8560301295462274
0.38784375                                        0.8367780565431531                                0.7908000319773169                                0.8558715141115985
0.388828125                                       0.8366662640481208                                0.7907997838276777                                0.8557132900711046
0.3898125                                         0.83655474604917                                  0.7907995362828019                                0.8555554574247463
0.390796875                                       0.8364435025463                                   0.7907992893427013                                0.8553980161725233
0.39178125                                        0.8363325335395111                                0.7907990430073649                                0.8552409663144351
0.392765625                                       0.8362218390288034                                0.7907987972768001                                0.8550843078504831
0.39375                                           0.8361114190141765                                0.7907985521510036                                0.8549280407806656
0.394734375                                       0.836001273495631                                 0.7907983076299769                                0.8547721651049833
0.39571875                                        0.8358913738281073                                0.7907980636545103                                0.854616637495477
0.396703125                                       0.8357817164681303                                0.79079782021728                                  0.8544614525923517
0.3976875                                         0.8356723254281029                                0.7907975773679192                                0.8543066467163047
0.398671875                                       0.8355632007080254                                0.7907973351064254                                0.8541522198673352
0.39965625                                        0.8354543423078977                                0.7907970934328049                                0.8539981720454446
0.40064062500000003                               0.83534575022772                                  0.7907968523470504                                0.8538445032506303
0.401625                                          0.835237424467492                                 0.7907966118491663                                0.8536912134828942
0.402609375                                       0.8351293650272138                                0.790796371939151                                 0.8535383027422359
0.40359375000000003                               0.8350215719068856                                0.7907961326170048                                0.8533857710286551
0.404578125                                       0.8349140451065071                                0.7907958938827254                                0.8532336183421528
0.4055625                                         0.8348067846260787                                0.7907956557363196                                0.8530818446827282
0.40654687500000003                               0.8346997904655997                                0.7907954181777855                                0.8529304500503813
0.40753125                                        0.834593062625071                                 0.7907951812071152                                0.8527794344451121
0.408515625                                       0.8344865636646912                                0.7907949447455721                                0.8526287420986925
0.4095                                            0.8343803076841567                                0.790794708822813                                 0.8524783940132392
0.410484375                                       0.8342743100355334                                0.7907944734711221                                0.8523284130563299
0.41146875                                        0.8341685707188222                                0.7907942386904961                                0.852178799227965
0.412453125                                       0.8340630897340224                                0.7907940044809454                                0.8520295525281435
0.4134375                                         0.8339578670811347                                0.7907937708424612                                0.8518806729568662
0.414421875                                       0.8338529027601584                                0.7907935377750446                                0.8517321605141323
0.41540625                                        0.833748196771094                                 0.7907933052786977                                0.8515840151999435
0.416390625                                       0.8336437491139412                                0.7907930733534214                                0.851436237014299
0.417375                                          0.8335395597887001                                0.7907928419992158                                0.8512888259571979
0.418359375                                       0.8334356287953708                                0.7907926112160755                                0.8511417820286404
0.41934375                                        0.8333319561339532                                0.7907923810040055                                0.8509951052286279
0.420328125                                       0.8332285418044472                                0.7907921513630042                                0.8508487955571599
0.4213125                                         0.8331253398554888                                0.7907919221951655                                0.8507027853733558
0.422296875                                       0.833022381605236                                 0.7907916935672133                                0.8505571207778664
0.42328125                                        0.8329196738970137                                0.7907914654937328                                0.8504118118441364
0.424265625                                       0.8328172167308217                                0.7907912379747252                                0.8502668585721649
0.42525                                           0.8327150101066598                                0.7907910110101888                                0.8501222609619515
0.426234375                                       0.8326130540245287                                0.7907907846001205                                0.849978019013497
0.42721875                                        0.8325113484844275                                0.7907905587445262                                0.849834132726802
0.428203125                                       0.8324098934863566                                0.7907903334434029                                0.8496906021018665
0.4291875                                         0.8323086890303162                                0.7907901086967517                                0.8495474271386887
0.430171875                                       0.8322077351163062                                0.7907898845045682                                0.8494046078372701
0.43115625                                        0.8321070317443264                                0.7907896608668552                                0.8492621441976101
0.432140625                                       0.8320065789143771                                0.7907894377836183                                0.8491200362197092
0.433125                                          0.8319063751601794                                0.7907892152516937                                0.8489782817648219
0.434109375                                       0.8318063707235952                                0.7907889931640175                                0.8488368082546628
0.43509375                                        0.8317066092430818                                0.7907887716144919                                0.8486956793412206
0.436078125                                       0.8316070907186397                                0.7907885506031145                                0.8485548950244944
0.4370625                                         0.8315078151502684                                0.7907883301298854                                0.8484144553044849
0.438046875                                       0.8314087825379683                                0.7907881101948014                                0.8482743601811915
0.43903125                                        0.8313099928817393                                0.790787890797869                                 0.8481346096546146
0.440015625                                       0.8312114461815814                                0.7907876719390837                                0.8479952037247555
0.441                                             0.8311131424374945                                0.790787453618444                                 0.8478561423916106
0.441984375                                       0.8310150816494788                                0.790787235835955                                 0.8477174256551833
0.44296875                                        0.830917263817534                                 0.7907870185916134                                0.8475790535154721
0.443953125                                       0.8308196889416601                                0.7907868018854192                                0.8474410259724773
0.4449375                                         0.8307223570218576                                0.7907865857173726                                0.8473033430261998
0.445921875                                       0.8306252585131966                                0.7907863700667855                                0.8471659908520285
0.44690625                                        0.8305283600060713                                0.7907861548612244                                0.8470289210604258
0.447890625                                       0.8304316970755843                                0.790785940177815                                 0.846892185177376
0.448875                                          0.8303352697217352                                0.7907857260165584                                0.8467557832028784
0.449859375                                       0.8302390779445239                                0.7907855123774494                                0.8466197151369318
0.45084375                                        0.8301431217439506                                0.790785299260491                                 0.846483980979538
0.451828125                                       0.8300474011200152                                0.7907850866656857                                0.8463485807306957
0.4528125                                         0.8299519160727178                                0.7907848745930286                                0.8462135143904044
0.453796875                                       0.8298566666020581                                0.7907846630425229                                0.8460787819586665
0.45478125                                        0.8297616527080365                                0.7907844520141691                                0.8459443834354792
0.455765625                                       0.8296668743906528                                0.7907842415079642                                0.8458103188208439
0.45675                                           0.8295723316499068                                0.7907840315239102                                0.8456765881147603
0.457734375                                       0.8294780244857991                                0.7907838220620073                                0.8455431913172289
0.45871875                                        0.8293839355262804                                0.7907836130843793                                0.8454101034036215
0.459703125                                       0.8292900472789277                                0.7907834045528929                                0.8452772991759094
0.4606875                                         0.8291963874355974                                0.7907831965279187                                0.8451448185245175
0.461671875                                       0.8291029559962897                                0.7907829890094562                                0.8450126614494451
0.46265625                                        0.8290097529610043                                0.7907827819975098                                0.8448808279506936
0.46364062500000003                               0.8289167783297413                                0.7907825754920745                                0.8447493180282615
0.464625                                          0.8288240321025009                                0.7907823694931506                                0.8446181316821504
0.465609375                                       0.8287315142792828                                0.7907821640007419                                0.8444872689123585
0.46659375000000003                               0.8286392248600871                                0.7907819590148434                                0.844356729718886
0.467578125                                       0.828547163844914                                 0.7907817545354617                                0.8442265141017352
0.4685625                                         0.8284553312337632                                0.7907815505625917                                0.844096622060903
0.46954687500000003                               0.8283637270266349                                0.7907813470962327                                0.8439670535963913
0.47053125                                        0.8282723512235288                                0.7907811441363886                                0.8438378087082006
0.471515625                                       0.8281811788893982                                0.7907809416284586                                0.8437088516276761
0.47250000000000003                               0.8280902079801091                                0.7907807395679624                                0.8435801794225661
0.473484375                                       0.8279994585076571                                0.7907805379987253                                0.8434518207995373
0.47446875                                        0.827908930472042                                 0.7907803369207452                                0.843323775758588
0.475453125                                       0.8278186238732641                                0.7907801363340231                                0.84319604429972
0.4764375                                         0.8277285387113231                                0.7907799362385582                                0.8430686264229317
0.477421875                                       0.8276386749862192                                0.7907797366343504                                0.8429415221282248
0.47840625                                        0.8275490326979522                                0.7907795375214004                                0.8428147314155987
0.479390625                                       0.8274596118465225                                0.790779338899703                                 0.8426882542850525
0.480375                                          0.8273704124319294                                0.7907791407692666                                0.8425620907365877
0.481359375                                       0.8272814344541737                                0.7907789431300847                                0.8424362407702026
0.48234375                                        0.8271926779132546                                0.7907787459821617                                0.8423107043858985
0.483328125                                       0.8271041428091728                                0.7907785493254952                                0.8421854815836749
0.4843125                                         0.8270157969149303                                0.7907783530892873                                0.8420605262844049
0.485296875                                       0.8269276531420386                                0.7907781573018979                                0.8419358569493531
0.48628125                                        0.8268397240416343                                0.790777961990904                                 0.8418114915245116
0.487265625                                       0.8267520096137169                                0.7907777671563041                                0.8416874300098813
0.48825                                           0.826664509858287                                 0.7907775727981078                                0.8415636724054609
0.489234375                                       0.8265772247753442                                0.7907773789162992                                0.8414402187112519
0.49021875                                        0.8264901543648888                                0.7907771855108904                                0.8413170689272527
0.491203125                                       0.8264032986269205                                0.7907769925818782                                0.8411942230534627
0.4921875                                         0.8263166575614396                                0.7907768001292625                                0.841071681089886
